-9.993885e-01 3.484809e-02 2.858852e-03 -1.464990e+02 3.494300e-02 9.983221e-01 4.617195e-02 3.443175e+00 -1.245051e-03 4.624360e-02 -9.989294e-01 -7.398191e+01
-9.993444e-01 3.611570e-02 -2.547776e-03 -1.464960e+02 3.596157e-02 9.983059e-01 4.573867e-02 3.451189e+00 4.195344e-03 4.561705e-02 -9.989502e-01 -7.458860e+01
-9.992387e-01 3.831936e-02 -7.320006e-03 -1.464997e+02 3.795118e-02 9.982596e-01 4.513711e-02 3.454673e+00 9.036892e-03 4.482494e-02 -9.989540e-01 -7.516771e+01
-9.991239e-01 4.015323e-02 -1.179697e-02 -1.465087e+02 3.956174e-02 9.981253e-01 4.669722e-02 3.458263e+00 1.364990e-02 4.618959e-02 -9.988394e-01 -7.572426e+01
-9.990433e-01 4.078349e-02 -1.578653e-02 -1.465201e+02 3.997070e-02 9.980100e-01 4.876889e-02 3.460680e+00 1.774408e-02 4.809122e-02 -9.986853e-01 -7.624921e+01
-9.989371e-01 4.176590e-02 -1.949891e-02 -1.465310e+02 4.075222e-02 9.979288e-01 4.977234e-02 3.464948e+00 2.153731e-02 4.892481e-02 -9.985702e-01 -7.674501e+01
-9.988519e-01 4.226995e-02 -2.254314e-02 -1.465458e+02 4.108996e-02 9.978803e-01 5.046266e-02 3.469095e+00 2.462841e-02 4.947842e-02 -9.984715e-01 -7.720836e+01
-9.987281e-01 4.380104e-02 -2.497364e-02 -1.465624e+02 4.247964e-02 9.977850e-01 5.119090e-02 3.474975e+00 2.716054e-02 5.006491e-02 -9.983766e-01 -7.764447e+01
-9.985766e-01 4.610485e-02 -2.681540e-02 -1.465828e+02 4.467050e-02 9.976562e-01 5.183186e-02 3.481100e+00 2.914225e-02 5.056022e-02 -9.982958e-01 -7.804556e+01
-9.984884e-01 4.731180e-02 -2.797438e-02 -1.465982e+02 4.579623e-02 9.975682e-01 5.253960e-02 3.487735e+00 3.039209e-02 5.117905e-02 -9.982269e-01 -7.841532e+01
-9.984902e-01 4.709562e-02 -2.827245e-02 -1.466147e+02 4.553028e-02 9.975203e-01 5.366753e-02 3.489838e+00 3.072985e-02 5.229925e-02 -9.981585e-01 -7.875290e+01
-9.985497e-01 4.608055e-02 -2.783965e-02 -1.466267e+02 4.452491e-02 9.975408e-01 5.412796e-02 3.492333e+00 3.026544e-02 5.280989e-02 -9.981458e-01 -7.906060e+01
-9.986431e-01 4.464293e-02 -2.681464e-02 -1.466358e+02 4.316037e-02 9.976329e-01 5.353301e-02 3.493390e+00 2.914103e-02 5.230304e-02 -9.982060e-01 -7.932694e+01
-9.987640e-01 4.286871e-02 -2.515526e-02 -1.466444e+02 4.149353e-02 9.977397e-01 5.285521e-02 3.496768e+00 2.736423e-02 5.174609e-02 -9.982853e-01 -7.957193e+01
-9.988919e-01 4.120237e-02 -2.274518e-02 -1.466502e+02 3.997253e-02 9.978411e-01 5.210771e-02 3.501775e+00 2.484304e-02 5.114078e-02 -9.983824e-01 -7.979717e+01
-9.989896e-01 4.008575e-02 -2.032146e-02 -1.466574e+02 3.901045e-02 9.979464e-01 5.080441e-02 3.507398e+00 2.231627e-02 4.996031e-02 -9.985019e-01 -7.999877e+01
-9.990581e-01 3.969252e-02 -1.753401e-02 -1.466613e+02 3.881060e-02 9.980901e-01 4.806013e-02 3.513405e+00 1.940815e-02 4.733435e-02 -9.986905e-01 -8.019576e+01
-9.990786e-01 4.011651e-02 -1.525473e-02 -1.466636e+02 3.937862e-02 9.981680e-01 4.593293e-02 3.523785e+00 1.706945e-02 4.528989e-02 -9.988281e-01 -8.038467e+01
-9.990779e-01 4.091634e-02 -1.301100e-02 -1.466635e+02 4.028300e-02 9.981429e-01 4.569370e-02 3.531968e+00 1.485645e-02 4.512744e-02 -9.988708e-01 -8.056988e+01
-9.991416e-01 4.001105e-02 -1.073244e-02 -1.466558e+02 3.946964e-02 9.981317e-01 4.663961e-02 3.544429e+00 1.257849e-02 4.617596e-02 -9.988541e-01 -8.074617e+01
-9.992415e-01 3.803867e-02 -8.342636e-03 -1.466452e+02 3.760600e-02 9.981861e-01 4.701283e-02 3.553303e+00 1.011581e-02 4.666343e-02 -9.988595e-01 -8.091148e+01
-9.993288e-01 3.619369e-02 -5.649618e-03 -1.466315e+02 3.589408e-02 9.982826e-01 4.629708e-02 3.562076e+00 7.315578e-03 4.606321e-02 -9.989117e-01 -8.106159e+01
-9.993243e-01 3.670138e-02 -2.003931e-03 -1.466264e+02 3.657281e-02 9.983005e-01 4.537118e-02 3.568355e+00 3.665711e-03 4.526723e-02 -9.989682e-01 -8.120217e+01
-9.992808e-01 3.782868e-02 2.642267e-03 -1.466236e+02 3.790890e-02 9.982876e-01 4.455103e-02 3.574643e+00 -9.524356e-04 4.461914e-02 -9.990036e-01 -8.133490e+01
-9.992411e-01 3.811654e-02 8.028401e-03 -1.466172e+02 3.843366e-02 9.982934e-01 4.396687e-02 3.580246e+00 -6.338836e-03 4.424205e-02 -9.990007e-01 -8.146093e+01
-9.992148e-01 3.683396e-02 1.459509e-02 -1.466064e+02 3.744131e-02 9.983389e-01 4.379046e-02 3.586432e+00 -1.295787e-02 4.430253e-02 -9.989341e-01 -8.158005e+01
-9.991501e-01 3.466003e-02 2.231007e-02 -1.465910e+02 3.560497e-02 9.984209e-01 4.345117e-02 3.591611e+00 -2.076882e-02 4.420858e-02 -9.988064e-01 -8.169181e+01
-9.990228e-01 3.243368e-02 3.002508e-02 -1.465743e+02 3.372590e-02 9.984804e-01 4.358132e-02 3.595945e+00 -2.856595e-02 4.455135e-02 -9.985986e-01 -8.179611e+01
-9.988356e-01 3.093584e-02 3.701946e-02 -1.465544e+02 3.257337e-02 9.984790e-01 4.448054e-02 3.599009e+00 -3.558711e-02 4.563459e-02 -9.983241e-01 -8.188799e+01
-9.986259e-01 2.940511e-02 4.337928e-02 -1.465371e+02 3.135241e-02 9.984987e-01 4.491438e-02 3.601598e+00 -4.199344e-02 4.621270e-02 -9.980486e-01 -8.196407e+01
-9.984308e-01 2.855484e-02 4.817171e-02 -1.465218e+02 3.073044e-02 9.985122e-01 4.504414e-02 3.605125e+00 -4.681381e-02 4.645379e-02 -9.978229e-01 -8.202535e+01
-9.982192e-01 2.862566e-02 5.233593e-02 -1.465098e+02 3.095006e-02 9.985451e-01 4.415531e-02 3.607875e+00 -5.099581e-02 4.569647e-02 -9.976529e-01 -8.207268e+01
-9.980513e-01 2.843666e-02 5.554344e-02 -1.464988e+02 3.088191e-02 9.985684e-01 4.367327e-02 3.610893e+00 -5.422201e-02 4.530345e-02 -9.975007e-01 -8.210813e+01
-9.979216e-01 2.862514e-02 5.773380e-02 -1.464897e+02 3.117123e-02 9.985586e-01 4.369264e-02 3.612361e+00 -5.639987e-02 4.540146e-02 -9.973754e-01 -8.213307e+01
-9.978225e-01 2.814521e-02 5.964963e-02 -1.464813e+02 3.073927e-02 9.986009e-01 4.302612e-02 3.614901e+00 -5.835520e-02 4.476601e-02 -9.972917e-01 -8.214790e+01
-9.977791e-01 2.784572e-02 6.051007e-02 -1.464749e+02 3.048963e-02 9.986003e-01 4.321861e-02 3.616561e+00 -5.922193e-02 4.496755e-02 -9.972315e-01 -8.215466e+01
-9.977898e-01 2.779045e-02 6.035835e-02 -1.464700e+02 3.043276e-02 9.985981e-01 4.330782e-02 3.618715e+00 -5.907019e-02 4.504897e-02 -9.972368e-01 -8.215162e+01
-9.977695e-01 2.855190e-02 6.033992e-02 -1.464675e+02 3.114077e-02 9.986149e-01 4.240889e-02 3.618427e+00 -5.904549e-02 4.419332e-02 -9.972766e-01 -8.214449e+01
-9.977399e-01 2.901561e-02 6.060613e-02 -1.464666e+02 3.154295e-02 9.986542e-01 4.116889e-02 3.617487e+00 -5.933003e-02 4.298753e-02 -9.973124e-01 -8.214289e+01
-9.977629e-01 2.878640e-02 6.033684e-02 -1.464691e+02 3.128253e-02 9.986758e-01 4.084152e-02 3.619237e+00 -5.908127e-02 4.263763e-02 -9.973422e-01 -8.214598e+01
-9.977575e-01 2.852482e-02 6.054951e-02 -1.464743e+02 3.105459e-02 9.986658e-01 4.125842e-02 3.621418e+00 -5.929184e-02 4.304623e-02 -9.973121e-01 -8.214846e+01
-9.977479e-01 2.855982e-02 6.069135e-02 -1.464784e+02 3.107095e-02 9.986824e-01 4.084235e-02 3.622343e+00 -5.944493e-02 4.263610e-02 -9.973207e-01 -8.214814e+01
-9.977486e-01 2.875814e-02 6.058696e-02 -1.464809e+02 3.126401e-02 9.986770e-01 4.082579e-02 3.626275e+00 -5.933273e-02 4.262805e-02 -9.973277e-01 -8.214689e+01
-9.977366e-01 2.871893e-02 6.080177e-02 -1.464837e+02 3.126041e-02 9.986589e-01 4.126909e-02 3.630956e+00 -5.953503e-02 4.307636e-02 -9.972964e-01 -8.214592e+01
-9.977341e-01 2.874384e-02 6.083105e-02 -1.464853e+02 3.126975e-02 9.986702e-01 4.098664e-02 3.635666e+00 -5.957205e-02 4.279593e-02 -9.973062e-01 -8.214430e+01
-9.977206e-01 2.881065e-02 6.102116e-02 -1.464860e+02 3.134330e-02 9.986690e-01 4.096184e-02 3.642197e+00 -5.975980e-02 4.278107e-02 -9.972956e-01 -8.214339e+01
-9.977155e-01 2.882756e-02 6.109637e-02 -1.464874e+02 3.137537e-02 9.986598e-01 4.116049e-02 3.646408e+00 -5.982793e-02 4.298337e-02 -9.972828e-01 -8.214478e+01
-9.977099e-01 2.887633e-02 6.116505e-02 -1.464896e+02 3.142593e-02 9.986590e-01 4.114007e-02 3.650913e+00 -5.989506e-02 4.296801e-02 -9.972795e-01 -8.214651e+01
-9.976930e-01 2.900598e-02 6.137843e-02 -1.464903e+02 3.156128e-02 9.986572e-01 4.107995e-02 3.653096e+00 -6.010446e-02 4.292235e-02 -9.972688e-01 -8.214732e+01
-9.976818e-01 2.907360e-02 6.152901e-02 -1.464929e+02 3.163197e-02 9.986574e-01 4.102231e-02 3.660850e+00 -6.025374e-02 4.287349e-02 -9.972619e-01 -8.215098e+01
-9.976718e-01 2.917909e-02 6.164102e-02 -1.464935e+02 3.174930e-02 9.986489e-01 4.113654e-02 3.666124e+00 -6.035742e-02 4.299781e-02 -9.972503e-01 -8.215255e+01
-9.976599e-01 2.922548e-02 6.181077e-02 -1.464950e+02 3.180132e-02 9.986485e-01 4.110783e-02 3.672670e+00 -6.052584e-02 4.297730e-02 -9.972410e-01 -8.215460e+01
-9.976546e-01 2.925625e-02 6.188179e-02 -1.464952e+02 3.183504e-02 9.986475e-01 4.110539e-02 3.677041e+00 -6.059551e-02 4.297898e-02 -9.972367e-01 -8.215536e+01
-9.976394e-01 2.928611e-02 6.211225e-02 -1.464961e+02 3.187561e-02 9.986457e-01 4.111747e-02 3.682929e+00 -6.082396e-02 4.300027e-02 -9.972219e-01 -8.215662e+01
-9.976190e-01 2.935330e-02 6.240803e-02 -1.464944e+02 3.195654e-02 9.986425e-01 4.113218e-02 3.686575e+00 -6.111595e-02 4.302858e-02 -9.972028e-01 -8.215612e+01
-9.975985e-01 2.952687e-02 6.265234e-02 -1.464943e+02 3.213924e-02 9.986377e-01 4.110631e-02 3.692587e+00 -6.135325e-02 4.302119e-02 -9.971885e-01 -8.215657e+01
-9.975689e-01 2.962722e-02 6.307489e-02 -1.464929e+02 3.225247e-02 9.986377e-01 4.101772e-02 3.697692e+00 -6.177373e-02 4.295232e-02 -9.971655e-01 -8.215523e+01
-9.975410e-01 2.975624e-02 6.345498e-02 -1.464903e+02 3.239728e-02 9.986335e-01 4.100579e-02 3.703976e+00 -6.214810e-02 4.296072e-02 -9.971419e-01 -8.215185e+01
-9.975029e-01 2.983079e-02 6.401590e-02 -1.464878e+02 3.249190e-02 9.986332e-01 4.093878e-02 3.711265e+00 -6.270718e-02 4.291654e-02 -9.971088e-01 -8.214843e+01
-9.974792e-01 2.997708e-02 6.431610e-02 -1.464858e+02 3.265172e-02 9.986277e-01 4.094552e-02 3.717330e+00 -6.300042e-02 4.294233e-02 -9.970892e-01 -8.214544e+01
-9.974779e-01 3.005916e-02 6.429857e-02 -1.464866e+02 3.273213e-02 9.986257e-01 4.092945e-02 3.721405e+00 -6.297991e-02 4.293084e-02 -9.970910e-01 -8.214302e+01
-9.974704e-01 3.018460e-02 6.435536e-02 -1.464873e+02 3.286428e-02 9.986187e-01 4.099464e-02 3.725380e+00 -6.302906e-02 4.300593e-02 -9.970847e-01 -8.214091e+01
-9.974573e-01 3.013906e-02 6.457980e-02 -1.464876e+02 3.282947e-02 9.986192e-01 4.101176e-02 3.730224e+00 -6.325458e-02 4.302759e-02 -9.970695e-01 -8.213842e+01
-9.974504e-01 3.020597e-02 6.465555e-02 -1.464871e+02 3.289600e-02 9.986194e-01 4.095320e-02 3.733757e+00 -6.332926e-02 4.297569e-02 -9.970670e-01 -8.213635e+01
-9.974425e-01 3.035004e-02 6.470955e-02 -1.464865e+02 3.304353e-02 9.986139e-01 4.096830e-02 3.736302e+00 -6.337647e-02 4.300174e-02 -9.970628e-01 -8.213505e+01
-9.974217e-01 3.052074e-02 6.494986e-02 -1.464860e+02 3.322390e-02 9.986085e-01 4.095399e-02 3.737147e+00 -6.360954e-02 4.300628e-02 -9.970478e-01 -8.213362e+01
-9.974205e-01 3.061039e-02 6.492633e-02 -1.464879e+02 3.331644e-02 9.986030e-01 4.101355e-02 3.738183e+00 -6.358019e-02 4.307086e-02 -9.970469e-01 -8.213326e+01
-9.974092e-01 3.059216e-02 6.510741e-02 -1.464881e+02 3.330064e-02 9.986069e-01 4.092943e-02 3.739743e+00 -6.376460e-02 4.299150e-02 -9.970385e-01 -8.213252e+01
-9.974025e-01 3.064711e-02 6.518498e-02 -1.464887e+02 3.335971e-02 9.986045e-01 4.094046e-02 3.743962e+00 -6.383931e-02 4.300866e-02 -9.970330e-01 -8.213297e+01
-9.973976e-01 3.063920e-02 6.526376e-02 -1.464887e+02 3.335782e-02 9.986029e-01 4.098134e-02 3.746808e+00 -6.391695e-02 4.305174e-02 -9.970262e-01 -8.213315e+01
-9.973882e-01 3.068723e-02 6.538369e-02 -1.464890e+02 3.341504e-02 9.985984e-01 4.104293e-02 3.749734e+00 -6.403256e-02 4.312053e-02 -9.970158e-01 -8.213346e+01
-9.973709e-01 3.072277e-02 6.563065e-02 -1.464885e+02 3.346197e-02 9.985965e-01 4.105286e-02 3.751969e+00 -6.427728e-02 4.314106e-02 -9.969991e-01 -8.213324e+01
-9.973543e-01 3.074637e-02 6.587226e-02 -1.464862e+02 3.349414e-02 9.985966e-01 4.102319e-02 3.756727e+00 -6.451851e-02 4.312098e-02 -9.969844e-01 -8.213358e+01
-9.973460e-01 3.073804e-02 6.600099e-02 -1.464847e+02 3.349660e-02 9.985932e-01 4.110375e-02 3.760390e+00 -6.464469e-02 4.320546e-02 -9.969726e-01 -8.213348e+01
-9.973411e-01 3.086959e-02 6.601396e-02 -1.464850e+02 3.362887e-02 9.985888e-01 4.110368e-02 3.762686e+00 -6.465195e-02 4.321436e-02 -9.969717e-01 -8.213363e+01
-9.973288e-01 3.094138e-02 6.616616e-02 -1.464854e+02 3.370720e-02 9.985862e-01 4.110135e-02 3.763251e+00 -6.480088e-02 4.322183e-02 -9.969618e-01 -8.213382e+01
-9.973335e-01 3.085773e-02 6.613340e-02 -1.464849e+02 3.362421e-02 9.985876e-01 4.113479e-02 3.763444e+00 -6.477067e-02 4.324879e-02 -9.969625e-01 -8.213351e+01
-9.973320e-01 3.088462e-02 6.614430e-02 -1.464851e+02 3.365224e-02 9.985863e-01 4.114456e-02 3.764354e+00 -6.478006e-02 4.326069e-02 -9.969614e-01 -8.213339e+01
-9.973334e-01 3.091726e-02 6.610751e-02 -1.464851e+02 3.368744e-02 9.985825e-01 4.120803e-02 3.765829e+00 -6.473977e-02 4.332513e-02 -9.969612e-01 -8.213304e+01
-9.973306e-01 3.080852e-02 6.620116e-02 -1.464801e+02 3.358262e-02 9.985860e-01 4.120761e-02 3.769760e+00 -6.483801e-02 4.332081e-02 -9.969550e-01 -8.213367e+01
-9.973263e-01 3.073558e-02 6.629952e-02 -1.464764e+02 3.351823e-02 9.985854e-01 4.127465e-02 3.772636e+00 -6.493714e-02 4.338653e-02 -9.969457e-01 -8.213276e+01
-9.973242e-01 3.076267e-02 6.631799e-02 -1.464733e+02 3.353971e-02 9.985888e-01 4.117576e-02 3.773749e+00 -6.495774e-02 4.328987e-02 -9.969486e-01 -8.213226e+01
-9.973215e-01 3.079302e-02 6.634455e-02 -1.464721e+02 3.357302e-02 9.985866e-01 4.120287e-02 3.774660e+00 -6.498202e-02 4.331989e-02 -9.969457e-01 -8.213189e+01
-9.973300e-01 3.078397e-02 6.622091e-02 -1.464755e+02 3.356021e-02 9.985860e-01 4.122790e-02 3.775066e+00 -6.485812e-02 4.334020e-02 -9.969529e-01 -8.213281e+01
-9.973319e-01 3.079605e-02 6.618666e-02 -1.464771e+02 3.357183e-02 9.985849e-01 4.124339e-02 3.775151e+00 -6.482287e-02 4.335535e-02 -9.969545e-01 -8.213308e+01
-9.973274e-01 3.085806e-02 6.622624e-02 -1.464775e+02 3.363543e-02 9.985829e-01 4.124029e-02 3.776020e+00 -6.485981e-02 4.335762e-02 -9.969520e-01 -8.213322e+01
-9.973264e-01 3.085207e-02 6.624430e-02 -1.464765e+02 3.362596e-02 9.985859e-01 4.117496e-02 3.778253e+00 -6.488030e-02 4.329240e-02 -9.969535e-01 -8.213318e+01
-9.973248e-01 3.086595e-02 6.626147e-02 -1.465060e+02 3.364602e-02 9.985818e-01 4.125812e-02 3.817593e+00 -6.489403e-02 4.337717e-02 -9.969489e-01 -8.214996e+01
-9.972847e-01 3.075973e-02 6.691093e-02 -1.465250e+02 3.355450e-02 9.985933e-01 4.105333e-02 3.844867e+00 -6.555402e-02 4.318702e-02 -9.969140e-01 -8.216201e+01
-9.971330e-01 3.056047e-02 6.922350e-02 -1.465414e+02 3.342208e-02 9.986178e-01 4.056442e-02 3.867997e+00 -6.788816e-02 4.276171e-02 -9.967761e-01 -8.217605e+01
-9.970258e-01 3.004252e-02 7.097227e-02 -1.465569e+02 3.295045e-02 9.986497e-01 4.016324e-02 3.891863e+00 -6.966983e-02 4.238235e-02 -9.966694e-01 -8.219557e+01
-9.968251e-01 2.943186e-02 7.398333e-02 -1.465659e+02 3.244881e-02 9.986761e-01 3.991279e-02 3.908776e+00 -7.271068e-02 4.218674e-02 -9.964605e-01 -8.221730e+01
-9.964457e-01 2.979236e-02 7.879297e-02 -1.465794e+02 3.302073e-02 9.986542e-01 3.999197e-02 3.927281e+00 -7.749548e-02 4.245162e-02 -9.960885e-01 -8.224565e+01
-9.959965e-01 2.969170e-02 8.431734e-02 -1.465858e+02 3.314835e-02 9.986538e-01 3.989566e-02 3.940279e+00 -8.301927e-02 4.253091e-02 -9.956400e-01 -8.227544e+01
-9.954758e-01 2.889363e-02 9.051530e-02 -1.465906e+02 3.260509e-02 9.986757e-01 3.979661e-02 3.955031e+00 -8.924557e-02 4.256782e-02 -9.950996e-01 -8.231013e+01
-9.947640e-01 2.847381e-02 9.815262e-02 -1.465878e+02 3.250601e-02 9.986816e-01 3.972924e-02 3.963825e+00 -9.689198e-02 4.271176e-02 -9.943780e-01 -8.234431e+01
-9.938480e-01 2.825767e-02 1.070876e-01 -1.465882e+02 3.264160e-02 9.986899e-01 3.940820e-02 3.974088e+00 -1.058337e-01 4.266126e-02 -9.934683e-01 -8.238439e+01
-9.927995e-01 2.784788e-02 1.165064e-01 -1.465818e+02 3.263136e-02 9.986924e-01 3.935336e-02 3.980790e+00 -1.152582e-01 4.287175e-02 -9.924100e-01 -8.242617e+01
-9.915269e-01 2.729858e-02 1.270009e-01 -1.465780e+02 3.252756e-02 9.986986e-01 3.928230e-02 3.988369e+00 -1.257633e-01 4.308048e-02 -9.911245e-01 -8.247354e+01
-9.899363e-01 2.704013e-02 1.389064e-01 -1.465675e+02 3.275921e-02 9.987000e-01 3.905172e-02 3.993899e+00 -1.376699e-01 4.320917e-02 -9.895352e-01 -8.252259e+01
-9.880546e-01 2.659777e-02 1.517917e-01 -1.465518e+02 3.281704e-02 9.987151e-01 3.861488e-02 4.000773e+00 -1.505696e-01 4.313495e-02 -9.876579e-01 -8.257422e+01
-9.858111e-01 2.614245e-02 1.658106e-01 -1.465331e+02 3.278452e-02 9.987606e-01 3.744801e-02 4.006616e+00 -1.646261e-01 4.235268e-02 -9.854463e-01 -8.263234e+01
-9.830237e-01 2.546553e-02 1.817028e-01 -1.465075e+02 3.238001e-02 9.988560e-01 3.518885e-02 4.013233e+00 -1.805989e-01 4.047501e-02 -9.827237e-01 -8.269805e+01
-9.797672e-01 2.410930e-02 1.986834e-01 -1.464759e+02 3.123853e-02 9.989728e-01 3.282577e-02 4.019203e+00 -1.976879e-01 3.836818e-02 -9.795139e-01 -8.277848e+01
-9.760772e-01 2.263243e-02 2.162431e-01 -1.464452e+02 3.017289e-02 9.990440e-01 3.163229e-02 4.024429e+00 -2.153205e-01 3.740023e-02 -9.758270e-01 -8.288031e+01
-9.719425e-01 2.148247e-02 2.342355e-01 -1.463964e+02 2.976392e-02 9.990485e-01 3.187726e-02 4.029323e+00 -2.333279e-01 3.795462e-02 -9.716571e-01 -8.298778e+01
-9.672296e-01 2.209392e-02 2.529402e-01 -1.463513e+02 3.139353e-02 9.989691e-01 3.278875e-02 4.033562e+00 -2.519551e-01 3.965493e-02 -9.669261e-01 -8.311671e+01
-9.615570e-01 2.296584e-02 2.736436e-01 -1.462958e+02 3.347443e-02 9.988680e-01 3.379476e-02 4.037831e+00 -2.725577e-01 4.165564e-02 -9.612373e-01 -8.325839e+01
-9.550014e-01 2.133917e-02 2.958326e-01 -1.462309e+02 3.309254e-02 9.988470e-01 3.477929e-02 4.040989e+00 -2.947494e-01 4.300412e-02 -9.546065e-01 -8.341005e+01
-9.475714e-01 1.874272e-02 3.189940e-01 -1.461563e+02 3.227520e-02 9.987869e-01 3.718898e-02 4.045713e+00 -3.179100e-01 4.553480e-02 -9.470268e-01 -8.357444e+01
-9.392682e-01 1.781771e-02 3.427211e-01 -1.460701e+02 3.308526e-02 9.987009e-01 3.875268e-02 4.051946e+00 -3.415854e-01 4.773817e-02 -9.386376e-01 -8.374303e+01
-9.298548e-01 1.858511e-02 3.674571e-01 -1.459804e+02 3.545557e-02 9.986016e-01 3.921380e-02 4.058185e+00 -3.662145e-01 4.949153e-02 -9.292134e-01 -8.392098e+01
-9.190862e-01 1.838942e-02 3.936273e-01 -1.458795e+02 3.751215e-02 9.984571e-01 4.094188e-02 4.063554e+00 -3.922671e-01 5.239491e-02 -9.183579e-01 -8.410616e+01
-9.064956e-01 1.762276e-02 4.218474e-01 -1.457599e+02 3.958470e-02 9.982750e-01 4.335925e-02 4.070054e+00 -4.203556e-01 5.600366e-02 -9.056295e-01 -8.429131e+01
-8.916934e-01 1.678020e-02 4.523287e-01 -1.456332e+02 4.121602e-02 9.981712e-01 4.422122e-02 4.076339e+00 -4.507595e-01 5.807495e-02 -8.907543e-01 -8.448453e+01
-8.740945e-01 1.648442e-02 4.854762e-01 -1.454913e+02 4.243470e-02 9.981945e-01 4.250933e-02 4.083620e+00 -4.838989e-01 5.775820e-02 -8.732158e-01 -8.468260e+01
-8.533988e-01 1.523421e-02 5.210358e-01 -1.453153e+02 4.184955e-02 9.983485e-01 3.935486e-02 4.089716e+00 -5.195759e-01 5.539050e-02 -8.526270e-01 -8.488083e+01
-8.294945e-01 1.247535e-02 5.583755e-01 -1.451255e+02 3.959840e-02 9.985482e-01 3.651558e-02 4.095105e+00 -5.571093e-01 5.240024e-02 -8.287843e-01 -8.509753e+01
-8.017000e-01 1.146747e-02 5.976166e-01 -1.448957e+02 3.953063e-02 9.986442e-01 3.386749e-02 4.100068e+00 -5.964181e-01 5.077572e-02 -8.010664e-01 -8.531851e+01
-7.696076e-01 1.411220e-02 6.383611e-01 -1.446601e+02 4.346928e-02 9.985942e-01 3.033068e-02 4.109917e+00 -6.370357e-01 5.109181e-02 -7.691392e-01 -8.556492e+01
-7.346192e-01 1.807839e-02 6.782387e-01 -1.443964e+02 4.771269e-02 9.985466e-01 2.506276e-02 4.121088e+00 -6.767999e-01 5.077217e-02 -7.344141e-01 -8.581942e+01
-6.979024e-01 1.988884e-02 7.159167e-01 -1.440775e+02 4.889709e-02 9.986050e-01 1.992452e-02 4.128858e+00 -7.145218e-01 4.891160e-02 -6.979014e-01 -8.606536e+01
-6.596732e-01 1.922120e-02 7.513068e-01 -1.437422e+02 4.914005e-02 9.986368e-01 1.759782e-02 4.134474e+00 -7.499444e-01 4.852805e-02 -6.597185e-01 -8.632723e+01
-6.190174e-01 1.862469e-02 7.851564e-01 -1.433707e+02 5.081624e-02 9.985737e-01 1.637636e-02 4.137690e+00 -7.837316e-01 5.003594e-02 -6.190810e-01 -8.659141e+01
-5.762490e-01 1.755621e-02 8.170856e-01 -1.429474e+02 5.309812e-02 9.984612e-01 1.599408e-02 4.141571e+00 -8.155475e-01 5.260227e-02 -5.762944e-01 -8.684062e+01
-5.320418e-01 1.330251e-02 8.466136e-01 -1.425033e+02 5.297816e-02 9.984404e-01 1.760523e-02 4.143550e+00 -8.450591e-01 5.421874e-02 -5.319168e-01 -8.708803e+01
-4.856794e-01 8.888233e-03 8.740918e-01 -1.420100e+02 5.502756e-02 9.982759e-01 2.042444e-02 4.148160e+00 -8.724033e-01 5.801886e-02 -4.853312e-01 -8.731564e+01
-4.371602e-01 5.514487e-03 8.993667e-01 -1.415092e+02 5.987799e-02 9.979410e-01 2.298633e-02 4.153370e+00 -8.973882e-01 6.390097e-02 -4.365903e-01 -8.754335e+01
-3.872060e-01 1.907217e-03 9.219912e-01 -1.409762e+02 6.390701e-02 9.976483e-01 2.477512e-02 4.156256e+00 -9.197758e-01 6.851476e-02 -3.864173e-01 -8.775140e+01
-3.368763e-01 -2.338949e-03 9.415460e-01 -1.403921e+02 6.595906e-02 9.974815e-01 2.607743e-02 4.158657e+00 -9.392358e-01 7.088834e-02 -3.358736e-01 -8.792431e+01
-2.873528e-01 -6.653956e-03 9.578017e-01 -1.397985e+02 6.790639e-02 9.973181e-01 2.730126e-02 4.160018e+00 -9.554147e-01 7.288594e-02 -2.861303e-01 -8.808758e+01
-2.384137e-01 -9.494257e-03 9.711173e-01 -1.391586e+02 7.017403e-02 9.971699e-01 2.697700e-02 4.162171e+00 -9.686251e-01 7.457888e-02 -2.370727e-01 -8.821988e+01
-1.929309e-01 -9.220047e-03 9.811690e-01 -1.385086e+02 7.352143e-02 9.970090e-01 2.382568e-02 4.166045e+00 -9.784541e-01 7.673365e-02 -1.916760e-01 -8.833879e+01
-1.530139e-01 -8.309384e-03 9.881891e-01 -1.378281e+02 7.410231e-02 9.970529e-01 1.985812e-02 4.168871e+00 -9.854419e-01 7.626565e-02 -1.519472e-01 -8.843333e+01
-1.188077e-01 -7.939816e-03 9.928855e-01 -1.371128e+02 7.249783e-02 9.972296e-01 1.664957e-02 4.171257e+00 -9.902671e-01 7.396013e-02 -1.179030e-01 -8.850147e+01
-9.120067e-02 -6.144616e-03 9.958136e-01 -1.363792e+02 7.119598e-02 9.973818e-01 1.267471e-02 4.171706e+00 -9.932843e-01 7.205385e-02 -9.052442e-02 -8.856031e+01
-6.915588e-02 -4.069726e-03 9.975975e-01 -1.356148e+02 7.112578e-02 9.974267e-01 8.999637e-03 4.169899e+00 -9.950672e-01 7.157726e-02 -6.868847e-02 -8.860753e+01
-5.182659e-02 -3.597714e-03 9.986496e-01 -1.348254e+02 7.167743e-02 9.974010e-01 7.313033e-03 4.168382e+00 -9.960805e-01 7.195963e-02 -5.143403e-02 -8.864646e+01
-3.674328e-02 -2.512713e-03 9.993216e-01 -1.340129e+02 7.296331e-02 9.973211e-01 5.190411e-03 4.164762e+00 -9.966576e-01 7.310450e-02 -3.646152e-02 -8.867609e+01
-2.263965e-02 -7.036847e-04 9.997434e-01 -1.331801e+02 7.436882e-02 9.972279e-01 2.386027e-03 4.156812e+00 -9.969738e-01 7.440374e-02 -2.252456e-02 -8.869656e+01
-7.918415e-03 2.670978e-03 9.999651e-01 -1.323277e+02 7.596310e-02 9.971085e-01 -2.061824e-03 4.147637e+00 -9.970792e-01 7.594410e-02 -8.098417e-03 -8.870556e+01
6.417218e-03 6.030028e-03 9.999612e-01 -1.314527e+02 7.590216e-02 9.970941e-01 -6.499842e-03 4.136633e+00 -9.970947e-01 7.594091e-02 5.940876e-03 -8.870109e+01
1.902447e-02 6.694823e-03 9.997966e-01 -1.305520e+02 7.285462e-02 9.973099e-01 -8.064479e-03 4.122623e+00 -9.971611e-01 7.299320e-02 1.848554e-02 -8.868049e+01
2.869788e-02 6.288884e-03 9.995683e-01 -1.296312e+02 6.832422e-02 9.976291e-01 -8.238295e-03 4.103983e+00 -9.972504e-01 6.853113e-02 2.820016e-02 -8.864953e+01
3.409665e-02 5.938369e-03 9.994009e-01 -1.286888e+02 6.336480e-02 9.979576e-01 -8.091620e-03 4.084791e+00 -9.974078e-01 6.360272e-02 3.365073e-02 -8.861212e+01
3.662491e-02 6.901671e-03 9.993052e-01 -1.277239e+02 6.069258e-02 9.981148e-01 -9.117860e-03 4.065878e+00 -9.974844e-01 6.098434e-02 3.613698e-02 -8.857569e+01
3.742508e-02 5.812684e-03 9.992825e-01 -1.267352e+02 5.958723e-02 9.981907e-01 -8.037996e-03 4.048213e+00 -9.975213e-01 5.984529e-02 3.701101e-02 -8.854051e+01
3.858550e-02 4.491696e-03 9.992452e-01 -1.257210e+02 6.041560e-02 9.981500e-01 -6.819704e-03 4.031067e+00 -9.974273e-01 6.063312e-02 3.824275e-02 -8.850489e+01
4.140600e-02 3.869723e-03 9.991349e-01 -1.246835e+02 6.096142e-02 9.981196e-01 -6.392149e-03 4.013952e+00 -9.972810e-01 6.117334e-02 4.109224e-02 -8.846433e+01
4.564102e-02 3.841588e-03 9.989505e-01 -1.236288e+02 6.173200e-02 9.980705e-01 -6.658679e-03 3.996890e+00 -9.970487e-01 6.197111e-02 4.531581e-02 -8.841970e+01
5.030477e-02 4.220308e-03 9.987250e-01 -1.225531e+02 6.165129e-02 9.980709e-01 -7.322861e-03 3.978093e+00 -9.968293e-01 6.194105e-02 4.994753e-02 -8.836834e+01
5.520429e-02 4.054178e-03 9.984668e-01 -1.214602e+02 6.135183e-02 9.980884e-01 -7.444730e-03 3.960347e+00 -9.965884e-01 6.166874e-02 5.485003e-02 -8.829428e+01
6.068676e-02 3.943446e-03 9.981491e-01 -1.203502e+02 6.060529e-02 9.981326e-01 -7.628144e-03 3.940654e+00 -9.963153e-01 6.095602e-02 6.033444e-02 -8.821078e+01
6.593027e-02 1.450684e-03 9.978232e-01 -1.192271e+02 6.141832e-02 9.980969e-01 -5.509245e-03 3.920264e+00 -9.959323e-01 6.164783e-02 6.571570e-02 -8.813057e+01
7.113607e-02 -2.510371e-03 9.974634e-01 -1.180866e+02 6.250784e-02 9.980426e-01 -1.946043e-03 3.901849e+00 -9.955062e-01 6.248771e-02 7.115375e-02 -8.804055e+01
7.562722e-02 -5.281743e-03 9.971222e-01 -1.169301e+02 6.278153e-02 9.980271e-01 5.248388e-04 3.883303e+00 -9.951578e-01 6.256115e-02 7.580961e-02 -8.794868e+01
7.787888e-02 -5.001325e-03 9.969503e-01 -1.157614e+02 6.279889e-02 9.980262e-01 1.010521e-04 3.867981e+00 -9.949830e-01 6.259948e-02 7.803924e-02 -8.784858e+01
7.801523e-02 -2.818479e-03 9.969482e-01 -1.145794e+02 6.163476e-02 9.980967e-01 -2.001446e-03 3.849717e+00 -9.950451e-01 6.160279e-02 7.804046e-02 -8.774507e+01
7.708250e-02 -2.260084e-03 9.970221e-01 -1.133837e+02 6.112407e-02 9.981271e-01 -2.463082e-03 3.830963e+00 -9.951493e-01 6.113190e-02 7.707628e-02 -8.763924e+01
7.638838e-02 -4.739106e-03 9.970669e-01 -1.121817e+02 6.202224e-02 9.980747e-01 -7.821063e-06 3.812180e+00 -9.951473e-01 6.184090e-02 7.653524e-02 -8.753924e+01
7.596687e-02 -7.156760e-03 9.970846e-01 -1.109751e+02 6.344881e-02 9.979824e-01 2.329102e-03 3.791845e+00 -9.950896e-01 6.308688e-02 7.626768e-02 -8.743868e+01
7.539885e-02 -8.677029e-03 9.971157e-01 -1.097745e+02 6.473763e-02 9.978951e-01 3.788548e-03 3.771694e+00 -9.950498e-01 6.426524e-02 7.580187e-02 -8.734289e+01
7.504813e-02 -9.314805e-03 9.971364e-01 -1.085794e+02 6.477733e-02 9.978898e-01 4.446464e-03 3.750574e+00 -9.950737e-01 6.425812e-02 7.549315e-02 -8.724708e+01
7.451742e-02 -9.545856e-03 9.971740e-01 -1.073857e+02 6.500839e-02 9.978737e-01 4.694566e-03 3.726738e+00 -9.950986e-01 6.447484e-02 7.497953e-02 -8.714676e+01
7.402081e-02 -8.290886e-03 9.972222e-01 -1.061976e+02 6.423642e-02 9.979284e-01 3.528679e-03 3.701746e+00 -9.951857e-01 6.379677e-02 7.440005e-02 -8.704988e+01
7.360360e-02 -5.929265e-03 9.972699e-01 -1.050099e+02 6.418565e-02 9.979372e-01 1.196003e-03 3.677172e+00 -9.952200e-01 6.392238e-02 7.383235e-02 -8.695296e+01
7.324650e-02 -5.564938e-03 9.972983e-01 -1.038211e+02 6.408166e-02 9.979443e-01 8.620676e-04 3.653224e+00 -9.952530e-01 6.384537e-02 7.345254e-02 -8.685966e+01
7.268849e-02 -7.825939e-03 9.973240e-01 -1.026322e+02 6.316002e-02 9.979982e-01 3.227903e-03 3.628733e+00 -9.953528e-01 6.275635e-02 7.303727e-02 -8.676401e+01
7.210190e-02 -1.014486e-02 9.973457e-01 -1.014446e+02 6.338252e-02 9.979737e-01 5.569082e-03 3.607239e+00 -9.953814e-01 6.281273e-02 7.259881e-02 -8.667222e+01
7.191387e-02 -8.669399e-03 9.973732e-01 -1.002617e+02 6.269719e-02 9.980239e-01 4.154382e-03 3.588698e+00 -9.954384e-01 6.223372e-02 7.231531e-02 -8.657200e+01
7.158703e-02 -6.554927e-03 9.974128e-01 -9.908436e+01 6.363902e-02 9.979710e-01 1.991048e-03 3.569432e+00 -9.954021e-01 6.333183e-02 7.185893e-02 -8.648067e+01
7.146302e-02 -5.188194e-03 9.974297e-01 -9.791011e+01 6.366112e-02 9.979714e-01 6.298700e-04 3.547496e+00 -9.954096e-01 6.345247e-02 7.164834e-02 -8.638626e+01
7.108965e-02 -7.285963e-03 9.974433e-01 -9.673614e+01 6.225866e-02 9.980559e-01 2.853145e-03 3.526824e+00 -9.955251e-01 6.189664e-02 7.140506e-02 -8.629387e+01
7.080506e-02 -1.010356e-02 9.974390e-01 -9.556279e+01 6.147224e-02 9.980922e-01 5.746456e-03 3.506517e+00 -9.955942e-01 6.090791e-02 7.129106e-02 -8.620143e+01
7.029405e-02 -1.267811e-02 9.974457e-01 -9.439230e+01 5.974232e-02 9.981778e-01 8.477128e-03 3.490095e+00 -9.957357e-01 5.899381e-02 7.092338e-02 -8.611023e+01
6.992921e-02 -1.154338e-02 9.974852e-01 -9.322888e+01 5.706111e-02 9.983421e-01 7.553000e-03 3.474064e+00 -9.959187e-01 5.638942e-02 7.047195e-02 -8.601752e+01
6.984349e-02 -1.000221e-02 9.975078e-01 -9.207077e+01 5.620714e-02 9.984006e-01 6.075654e-03 3.457332e+00 -9.959732e-01 5.564271e-02 7.029398e-02 -8.593007e+01
6.972732e-02 -9.477076e-03 9.975211e-01 -9.091482e+01 5.581404e-02 9.984255e-01 5.584234e-03 3.439932e+00 -9.960035e-01 5.528630e-02 7.014649e-02 -8.584440e+01
6.947928e-02 -9.917131e-03 9.975341e-01 -8.976083e+01 5.471968e-02 9.984830e-01 6.115282e-03 3.420499e+00 -9.960815e-01 5.415985e-02 6.991654e-02 -8.575750e+01
6.939717e-02 -1.158794e-02 9.975218e-01 -8.860756e+01 5.559550e-02 9.984234e-01 7.730654e-03 3.402298e+00 -9.960388e-01 5.492123e-02 6.993200e-02 -8.567406e+01
6.942567e-02 -1.148211e-02 9.975210e-01 -8.745822e+01 5.647187e-02 9.983755e-01 7.561603e-03 3.383825e+00 -9.959875e-01 5.580690e-02 6.996131e-02 -8.559118e+01
6.921387e-02 -9.534740e-03 9.975563e-01 -8.631428e+01 5.869692e-02 9.982608e-01 5.468880e-03 3.365660e+00 -9.958736e-01 5.817495e-02 6.965316e-02 -8.551130e+01
6.986209e-02 -8.109160e-03 9.975237e-01 -8.517639e+01 6.090550e-02 9.981361e-01 3.848589e-03 3.347256e+00 -9.956957e-01 6.048579e-02 7.022577e-02 -8.543160e+01
7.129749e-02 -8.581005e-03 9.974182e-01 -8.404212e+01 6.363860e-02 9.979648e-01 4.036690e-03 3.327124e+00 -9.954230e-01 6.318648e-02 7.169847e-02 -8.535257e+01
7.394852e-02 -9.829695e-03 9.972136e-01 -8.290481e+01 6.457003e-02 9.979004e-01 5.048265e-03 3.306136e+00 -9.951695e-01 6.401678e-02 7.442796e-02 -8.526665e+01
7.722417e-02 -1.098194e-02 9.969533e-01 -8.177442e+01 6.505979e-02 9.978636e-01 5.952423e-03 3.285675e+00 -9.948888e-01 6.440188e-02 7.777367e-02 -8.517822e+01
8.015591e-02 -1.177150e-02 9.967128e-01 -8.064658e+01 6.383527e-02 9.979383e-01 6.652327e-03 3.266626e+00 -9.947362e-01 6.309220e-02 8.074208e-02 -8.508247e+01
8.292557e-02 -1.068743e-02 9.964984e-01 -7.952584e+01 6.106381e-02 9.981180e-01 5.623255e-03 3.245394e+00 -9.946832e-01 6.038367e-02 8.342212e-02 -8.498283e+01
8.593229e-02 -8.576979e-03 9.962640e-01 -7.840969e+01 5.984237e-02 9.982019e-01 3.431985e-03 3.221768e+00 -9.945022e-01 5.932387e-02 8.629104e-02 -8.488244e+01
8.858151e-02 -8.280013e-03 9.960345e-01 -7.728896e+01 5.957074e-02 9.982196e-01 3.000301e-03 3.191912e+00 -9.942860e-01 5.906873e-02 8.891704e-02 -8.478461e+01
