8.080478e-01 -4.404145e-02 5.874685e-01 4.733486e+02 2.754969e-02 9.989356e-01 3.699451e-02 -4.971418e+01 -5.884725e-01 -1.370876e-02 8.084010e-01 4.106861e+02
8.080251e-01 -4.261344e-02 5.876050e-01 4.740047e+02 2.511046e-02 9.989654e-01 3.791574e-02 -4.971943e+01 -5.886128e-01 -1.588184e-02 8.082590e-01 4.115882e+02
8.084198e-01 -4.288799e-02 5.870418e-01 4.746572e+02 2.838406e-02 9.990221e-01 3.389846e-02 -4.971799e+01 -5.879216e-01 -1.074155e-02 8.088465e-01 4.124871e+02
8.087301e-01 -4.450357e-02 5.864940e-01 4.753041e+02 3.022956e-02 9.989605e-01 3.411760e-02 -4.971770e+01 -5.874026e-01 -9.862477e-03 8.092347e-01 4.133816e+02
8.090405e-01 -4.643652e-02 5.859156e-01 4.759525e+02 3.099677e-02 9.988578e-01 3.636333e-02 -4.971658e+01 -5.869350e-01 -1.125791e-02 8.095557e-01 4.142647e+02
8.091605e-01 -4.928208e-02 5.855174e-01 4.765926e+02 3.320652e-02 9.987193e-01 3.817062e-02 -4.969435e+01 -5.866487e-01 -1.144316e-02 8.097606e-01 4.151395e+02
8.090328e-01 -5.124243e-02 5.855256e-01 4.772277e+02 3.535064e-02 9.986311e-01 3.855079e-02 -4.967882e+01 -5.866995e-01 -1.049015e-02 8.097367e-01 4.160040e+02
8.083054e-01 -5.154320e-02 5.865030e-01 4.778661e+02 3.643272e-02 9.986303e-01 3.755112e-02 -4.967507e+01 -5.876352e-01 -8.984873e-03 8.090761e-01 4.168581e+02
8.068433e-01 -5.133585e-02 5.885308e-01 4.784963e+02 3.725662e-02 9.986559e-01 3.603312e-02 -4.967850e+01 -5.895895e-01 -7.146414e-03 8.076714e-01 4.177107e+02
8.047808e-01 -5.149047e-02 5.913346e-01 4.791285e+02 3.823901e-02 9.986584e-01 3.491656e-02 -4.970981e+01 -5.923391e-01 -5.488130e-03 8.056700e-01 4.185547e+02
8.024526e-01 -5.286432e-02 5.943697e-01 4.797502e+02 3.939519e-02 9.985883e-01 3.562921e-02 -4.971873e+01 -5.954140e-01 -5.175445e-03 8.034023e-01 4.193894e+02
8.001658e-01 -5.329270e-02 5.974066e-01 4.803721e+02 3.927053e-02 9.985625e-01 3.647961e-02 -4.973913e+01 -5.984919e-01 -5.729263e-03 8.011083e-01 4.202133e+02
7.976975e-01 -5.438129e-02 6.006009e-01 4.809890e+02 4.041211e-02 9.985075e-01 3.673571e-02 -4.974996e+01 -6.017023e-01 -5.032433e-03 7.987046e-01 4.210252e+02
7.953807e-01 -5.458364e-02 6.036475e-01 4.815995e+02 4.046716e-02 9.984968e-01 3.696661e-02 -4.977732e+01 -6.047578e-01 -4.974626e-03 7.963938e-01 4.218233e+02
7.925737e-01 -5.462434e-02 6.073246e-01 4.821954e+02 3.975822e-02 9.984895e-01 3.792126e-02 -4.979676e+01 -6.084786e-01 -5.909246e-03 7.935482e-01 4.226029e+02
7.897214e-01 -5.457860e-02 6.110331e-01 4.827883e+02 3.908184e-02 9.984872e-01 3.867595e-02 -4.980163e+01 -6.122196e-01 -6.662929e-03 7.906597e-01 4.233674e+02
7.868068e-01 -5.558920e-02 6.146910e-01 4.833777e+02 3.922604e-02 9.984261e-01 4.008259e-02 -4.980171e+01 -6.159517e-01 -7.425360e-03 7.877489e-01 4.241147e+02
7.844210e-01 -5.411376e-02 6.178637e-01 4.839555e+02 3.738301e-02 9.985005e-01 3.999038e-02 -4.980038e+01 -6.191012e-01 -8.271686e-03 7.852676e-01 4.248437e+02
7.822525e-01 -5.321709e-02 6.206843e-01 4.845264e+02 3.514153e-02 9.985276e-01 4.132405e-02 -4.980331e+01 -6.219695e-01 -1.051405e-02 7.829708e-01 4.255572e+02
7.804182e-01 -5.385347e-02 6.229345e-01 4.850829e+02 3.524313e-02 9.984887e-01 4.216769e-02 -4.980460e+01 -6.242639e-01 -1.095427e-02 7.811367e-01 4.262513e+02
7.788888e-01 -5.436482e-02 6.248014e-01 4.856285e+02 3.748901e-02 9.984903e-01 4.014552e-02 -4.982198e+01 -6.260406e-01 -7.845710e-03 7.797510e-01 4.269236e+02
7.779924e-01 -5.051340e-02 6.262397e-01 4.861568e+02 3.835224e-02 9.987221e-01 3.291249e-02 -4.982520e+01 -6.271020e-01 -1.587974e-03 7.789355e-01 4.275808e+02
7.776146e-01 -4.702968e-02 6.269799e-01 4.866754e+02 3.763970e-02 9.988921e-01 2.824397e-02 -4.983388e+01 -6.276136e-01 1.636411e-03 7.785232e-01 4.282275e+02
7.780034e-01 -4.929364e-02 6.263233e-01 4.871908e+02 4.141447e-02 9.987727e-01 2.716256e-02 -4.984007e+01 -6.268935e-01 4.806276e-03 7.790900e-01 4.288658e+02
7.787757e-01 -5.324259e-02 6.250390e-01 4.877030e+02 4.357792e-02 9.985762e-01 3.076507e-02 -4.983894e+01 -6.257870e-01 3.278807e-03 7.799870e-01 4.294980e+02
7.792823e-01 -5.736298e-02 6.240421e-01 4.882066e+02 4.658905e-02 9.983492e-01 3.359111e-02 -4.982442e+01 -6.249388e-01 2.896567e-03 7.806683e-01 4.301206e+02
7.802679e-01 -6.072224e-02 6.224908e-01 4.886994e+02 4.961284e-02 9.981488e-01 3.517887e-02 -4.980758e+01 -6.234746e-01 3.434592e-03 7.818360e-01 4.307312e+02
7.812642e-01 -6.265481e-02 6.210481e-01 4.891779e+02 5.051423e-02 9.980325e-01 3.714138e-02 -4.979310e+01 -6.221532e-01 2.354537e-03 7.828919e-01 4.313315e+02
7.820140e-01 -6.610942e-02 6.197449e-01 4.896458e+02 5.377237e-02 9.978074e-01 3.858641e-02 -4.977726e+01 -6.209370e-01 3.150038e-03 7.838541e-01 4.319182e+02
7.833988e-01 -6.785747e-02 6.178040e-01 4.901080e+02 5.629223e-02 9.976832e-01 3.820144e-02 -4.973997e+01 -6.189649e-01 4.850598e-03 7.854036e-01 4.324918e+02
7.842542e-01 -6.751717e-02 6.167551e-01 4.905495e+02 5.620144e-02 9.977053e-01 3.775573e-02 -4.970613e+01 -6.178889e-01 5.052425e-03 7.862491e-01 4.330534e+02
7.850588e-01 -6.167192e-02 6.163435e-01 4.909717e+02 4.995359e-02 9.980937e-01 3.624254e-02 -4.967324e+01 -6.174037e-01 2.336043e-03 7.866429e-01 4.336022e+02
7.857347e-01 -5.617523e-02 6.160077e-01 4.913754e+02 4.497780e-02 9.984201e-01 3.367795e-02 -4.965832e+01 -6.169263e-01 1.244736e-03 7.870199e-01 4.341389e+02
7.864063e-01 -5.202109e-02 6.155152e-01 4.917693e+02 4.187214e-02 9.986449e-01 3.090432e-02 -4.964713e+01 -6.162888e-01 1.469582e-03 7.875188e-01 4.346570e+02
7.872634e-01 -4.827511e-02 6.147242e-01 4.921531e+02 3.933582e-02 9.988319e-01 2.806310e-02 -4.963800e+01 -6.153609e-01 2.087623e-03 7.882427e-01 4.351618e+02
7.879996e-01 -4.098379e-02 6.143102e-01 4.925217e+02 3.217697e-02 9.991598e-01 2.538445e-02 -4.963171e+01 -6.148343e-01 -2.362979e-04 7.886562e-01 4.356613e+02
7.884235e-01 -3.108563e-02 6.143470e-01 4.928767e+02 2.374591e-02 9.995159e-01 2.010060e-02 -4.962904e+01 -6.146744e-01 -1.259560e-03 7.887799e-01 4.361475e+02
7.896402e-01 -2.598998e-02 6.130196e-01 4.932305e+02 2.000657e-02 9.996618e-01 1.661154e-02 -4.962455e+01 -6.132439e-01 -8.527282e-04 7.898931e-01 4.366241e+02
7.916779e-01 -2.778157e-02 6.103068e-01 4.935853e+02 2.324542e-02 9.996119e-01 1.534949e-02 -4.961814e+01 -6.104964e-01 2.034983e-03 7.920164e-01 4.370885e+02
7.953617e-01 -3.060081e-02 6.053623e-01 4.939369e+02 2.672908e-02 9.995240e-01 1.540724e-02 -4.961294e+01 -6.055455e-01 3.926448e-03 7.958009e-01 4.375551e+02
8.016963e-01 -3.378001e-02 5.967763e-01 4.942749e+02 2.905967e-02 9.994239e-01 1.753340e-02 -4.961151e+01 -5.970248e-01 3.285656e-03 8.022160e-01 4.380220e+02
8.112000e-01 -3.509003e-02 5.837151e-01 4.946019e+02 2.903941e-02 9.993837e-01 1.972133e-02 -4.961280e+01 -5.840473e-01 9.528009e-04 8.117190e-01 4.384988e+02
8.227213e-01 -3.688361e-02 5.672471e-01 4.949213e+02 3.208636e-02 9.993150e-01 1.844032e-02 -4.960976e+01 -5.675386e-01 3.029646e-03 8.233411e-01 4.389800e+02
8.362579e-01 -3.801383e-02 5.470171e-01 4.952077e+02 3.501450e-02 9.992601e-01 1.591276e-02 -4.960753e+01 -5.472172e-01 5.846361e-03 8.369701e-01 4.394486e+02
8.520630e-01 -3.990973e-02 5.219156e-01 4.954939e+02 3.800791e-02 9.991743e-01 1.435413e-02 -4.960276e+01 -5.220575e-01 7.606299e-03 8.528763e-01 4.399426e+02
8.696793e-01 -4.259735e-02 4.917759e-01 4.957650e+02 4.149088e-02 9.990522e-01 1.316296e-02 -4.960024e+01 -4.918704e-01 8.956652e-03 8.706223e-01 4.404491e+02
8.880524e-01 -4.624646e-02 4.574104e-01 4.959754e+02 4.487854e-02 9.988962e-01 1.386268e-02 -4.960064e+01 -4.575466e-01 8.217122e-03 8.891476e-01 4.409277e+02
9.069168e-01 -4.810094e-02 4.185550e-01 4.961984e+02 4.549692e-02 9.988330e-01 1.620550e-02 -4.960097e+01 -4.188460e-01 4.345917e-03 9.080468e-01 4.414559e+02
9.249621e-01 -4.676493e-02 3.771713e-01 4.963933e+02 4.327749e-02 9.989059e-01 1.772067e-02 -4.960346e+01 -3.775873e-01 -6.792008e-05 9.259739e-01 4.419933e+02
9.414191e-01 -4.250018e-02 3.345502e-01 4.965069e+02 3.847109e-02 9.990854e-01 1.866353e-02 -4.959760e+01 -3.350374e-01 -4.699693e-03 9.421931e-01 4.424905e+02
9.562745e-01 -3.744623e-02 2.900638e-01 4.966430e+02 3.334269e-02 9.992619e-01 1.907798e-02 -4.959751e+01 -2.905641e-01 -8.572278e-03 9.568171e-01 4.430389e+02
9.692704e-01 -3.507490e-02 2.434844e-01 4.967626e+02 3.148698e-02 9.993308e-01 1.861323e-02 -4.959292e+01 -2.439743e-01 -1.037466e-02 9.697261e-01 4.435984e+02
9.798407e-01 -3.552281e-02 1.965968e-01 4.968086e+02 3.243434e-02 9.992950e-01 1.890815e-02 -4.958843e+01 -1.971299e-01 -1.215048e-02 9.803020e-01 4.441158e+02
9.880371e-01 -3.902360e-02 1.491979e-01 4.968949e+02 3.633094e-02 9.991247e-01 2.073179e-02 -4.960387e+01 -1.498764e-01 -1.506327e-02 9.885899e-01 4.446883e+02
9.942234e-01 -3.808998e-02 1.003450e-01 4.968881e+02 3.584239e-02 9.990666e-01 2.410781e-02 -4.961772e+01 -1.011696e-01 -2.037194e-02 9.946605e-01 4.452211e+02
9.981237e-01 -3.248846e-02 5.189994e-02 4.968701e+02 3.096877e-02 9.990753e-01 2.982204e-02 -4.968336e+01 -5.282082e-02 -2.815880e-02 9.982069e-01 4.458226e+02
9.996030e-01 -2.808486e-02 2.265006e-03 4.968383e+02 2.798998e-02 9.990114e-01 3.453608e-02 -4.971952e+01 -3.232707e-03 -3.445896e-02 9.994008e-01 4.464343e+02
9.984792e-01 -2.808010e-02 -4.744335e-02 4.967435e+02 2.985557e-02 9.988640e-01 3.713808e-02 -4.974811e+01 4.634661e-02 -3.849804e-02 9.981832e-01 4.469962e+02
9.949190e-01 -3.305226e-02 -9.509850e-02 4.966830e+02 3.652141e-02 9.987207e-01 3.497280e-02 -4.975934e+01 9.382091e-02 -3.826823e-02 9.948533e-01 4.476148e+02
9.893235e-01 -3.468806e-02 -1.415483e-01 4.965870e+02 3.969575e-02 9.986763e-01 3.270816e-02 -4.978044e+01 1.402264e-01 -3.797781e-02 9.893908e-01 4.482364e+02
9.819861e-01 -3.246436e-02 -1.861434e-01 4.964079e+02 3.887311e-02 9.987668e-01 3.088222e-02 -4.980203e+01 1.849113e-01 -3.756188e-02 9.820371e-01 4.488134e+02
9.732152e-01 -2.847095e-02 -2.281264e-01 4.962462e+02 3.655852e-02 9.988411e-01 3.130433e-02 -4.981681e+01 2.269707e-01 -3.880581e-02 9.731281e-01 4.494436e+02
9.630903e-01 -2.578451e-02 -2.679409e-01 4.960205e+02 3.537419e-02 9.988925e-01 3.102394e-02 -4.984163e+01 2.668442e-01 -3.935704e-02 9.629357e-01 4.500358e+02
9.514425e-01 -2.825912e-02 -3.065266e-01 4.958181e+02 3.895372e-02 9.988251e-01 2.882719e-02 -4.985596e+01 3.053518e-01 -3.936776e-02 9.514254e-01 4.506625e+02
9.387507e-01 -3.279391e-02 -3.430331e-01 4.955938e+02 4.367656e-02 9.987563e-01 2.404511e-02 -4.987043e+01 3.418179e-01 -3.755486e-02 9.390155e-01 4.512852e+02
9.256364e-01 -3.618192e-02 -3.766806e-01 4.953168e+02 4.666846e-02 9.987345e-01 1.874770e-02 -4.988507e+01 3.755255e-01 -3.493265e-02 9.261534e-01 4.518808e+02
9.134186e-01 -3.271784e-02 -4.057045e-01 4.950279e+02 4.319555e-02 9.989271e-01 1.669411e-02 -4.992439e+01 4.047230e-01 -3.277333e-02 9.138518e-01 4.524962e+02
9.030659e-01 -2.548822e-02 -4.287452e-01 4.947138e+02 3.692730e-02 9.991489e-01 1.838215e-02 -4.995152e+01 4.279117e-01 -3.243268e-02 9.032384e-01 4.531093e+02
8.944352e-01 -1.909352e-02 -4.467899e-01 4.943826e+02 3.210889e-02 9.992514e-01 2.157634e-02 -4.997661e+01 4.460434e-01 -3.364456e-02 8.943787e-01 4.537147e+02
8.875474e-01 -1.547471e-02 -4.604566e-01 4.940514e+02 3.117321e-02 9.991624e-01 2.650836e-02 -4.999201e+01 4.596607e-01 -3.788133e-02 8.872863e-01 4.543364e+02
8.826765e-01 -1.455402e-02 -4.697558e-01 4.937108e+02 3.289848e-02 9.989819e-01 3.086607e-02 -5.001552e+01 4.688283e-01 -4.269899e-02 8.822566e-01 4.549611e+02
8.793840e-01 -1.386564e-02 -4.759114e-01 4.933575e+02 3.267203e-02 9.989769e-01 3.126591e-02 -5.003302e+01 4.749910e-01 -4.304372e-02 8.789373e-01 4.555918e+02
8.770838e-01 -1.314318e-02 -4.801575e-01 4.929929e+02 3.159292e-02 9.990395e-01 3.036311e-02 -5.003842e+01 4.792973e-01 -4.180056e-02 8.766566e-01 4.562268e+02
8.755725e-01 -1.413794e-02 -4.828799e-01 4.926245e+02 3.194505e-02 9.990783e-01 2.867234e-02 -5.004331e+01 4.820294e-01 -4.053033e-02 8.752170e-01 4.568692e+02
8.743712e-01 -1.580870e-02 -4.850002e-01 4.922596e+02 3.424796e-02 9.989872e-01 2.918089e-02 -5.003757e+01 4.840477e-01 -4.212519e-02 8.740270e-01 4.575252e+02
8.737246e-01 -1.594819e-02 -4.861594e-01 4.918927e+02 3.597281e-02 9.988440e-01 3.188372e-02 -5.003104e+01 4.850889e-01 -4.534610e-02 8.732883e-01 4.581880e+02
8.733320e-01 -1.457480e-02 -4.869075e-01 4.915187e+02 3.600934e-02 9.987491e-01 3.469147e-02 -5.002252e+01 4.857928e-01 -4.783038e-02 8.727643e-01 4.588573e+02
8.727714e-01 -1.414250e-02 -4.879243e-01 4.911389e+02 3.593823e-02 9.987291e-01 3.533609e-02 -5.001834e+01 4.868044e-01 -4.837545e-02 8.721704e-01 4.595317e+02
8.725840e-01 -1.486072e-02 -4.882381e-01 4.907531e+02 3.681106e-02 9.986953e-01 3.539136e-02 -5.001905e+01 4.870751e-01 -4.885449e-02 8.719925e-01 4.602104e+02
8.724931e-01 -1.523591e-02 -4.883889e-01 4.903637e+02 3.716895e-02 9.986872e-01 3.524596e-02 -5.001317e+01 4.872107e-01 -4.890474e-02 8.719139e-01 4.608898e+02
8.726971e-01 -1.508365e-02 -4.880291e-01 4.899688e+02 3.638853e-02 9.987523e-01 3.420151e-02 -5.001313e+01 4.869042e-01 -4.760620e-02 8.721570e-01 4.615830e+02
8.729258e-01 -1.502778e-02 -4.876216e-01 4.895812e+02 3.594422e-02 9.987899e-01 3.356504e-02 -5.000961e+01 4.865271e-01 -4.682696e-02 8.724096e-01 4.622835e+02
8.728796e-01 -1.597167e-02 -4.876743e-01 4.891860e+02 3.660854e-02 9.987908e-01 3.281387e-02 -5.000050e+01 4.865605e-01 -4.649559e-02 8.724087e-01 4.629979e+02
8.730235e-01 -1.735431e-02 -4.873693e-01 4.887786e+02 3.782153e-02 9.987660e-01 3.218542e-02 -4.998303e+01 4.862093e-01 -4.653167e-02 8.726026e-01 4.637221e+02
8.732026e-01 -1.649828e-02 -4.870782e-01 4.883646e+02 3.731606e-02 9.987562e-01 3.306803e-02 -4.995480e+01 4.859267e-01 -4.705091e-02 8.727321e-01 4.644658e+02
8.732662e-01 -1.586891e-02 -4.869850e-01 4.879493e+02 3.744310e-02 9.986996e-01 3.459967e-02 -4.992563e+01 4.858026e-01 -4.844894e-02 8.727247e-01 4.652212e+02
8.732663e-01 -1.364364e-02 -4.870523e-01 4.875277e+02 3.701760e-02 9.985766e-01 3.839834e-02 -4.989427e+01 4.858351e-01 -5.156147e-02 8.725282e-01 4.659874e+02
8.732063e-01 -1.353551e-02 -4.871629e-01 4.871015e+02 3.883552e-02 9.983680e-01 4.187100e-02 -4.986543e+01 4.858011e-01 -5.548122e-02 8.723067e-01 4.667622e+02
8.731273e-01 -1.397945e-02 -4.872918e-01 4.866711e+02 3.993382e-02 9.982803e-01 4.291451e-02 -4.983563e+01 4.858539e-01 -5.692924e-02 8.721840e-01 4.675456e+02
8.730538e-01 -1.542375e-02 -4.873800e-01 4.862419e+02 4.038709e-02 9.983527e-01 4.075210e-02 -4.981952e+01 4.859486e-01 -5.526263e-02 8.722384e-01 4.683329e+02
