-4.054481e-01 2.628911e-02 9.137400e-01 2.300656e+02 9.575560e-02 9.953085e-01 1.385312e-02 -4.485622e-01 -9.090889e-01 9.311242e-02 -4.060633e-01 -3.152450e+01
-4.086398e-01 2.546329e-02 9.123405e-01 2.322584e+02 9.487381e-02 9.953805e-01 1.471329e-02 -4.502008e-01 -9.077513e-01 9.256963e-02 -4.091678e-01 -3.251137e+01
-4.116808e-01 2.580665e-02 9.109627e-01 2.344478e+02 9.367349e-02 9.955027e-01 1.413118e-02 -4.516442e-01 -9.065011e-01 9.115057e-02 -4.122467e-01 -3.350409e+01
-4.150772e-01 2.524700e-02 9.094358e-01 2.366402e+02 9.211869e-02 9.956438e-01 1.440382e-02 -4.545615e-01 -9.051105e-01 8.975472e-02 -4.155948e-01 -3.450713e+01
-4.185234e-01 2.430782e-02 9.078807e-01 2.388266e+02 9.099928e-02 9.957336e-01 1.528968e-02 -4.565040e-01 -9.036356e-01 8.901555e-02 -4.189498e-01 -3.551552e+01
-4.220821e-01 2.436985e-02 9.062300e-01 2.410098e+02 9.041717e-02 9.957859e-01 1.533419e-02 -4.583595e-01 -9.020374e-01 8.841102e-02 -4.225068e-01 -3.653355e+01
-4.257271e-01 2.389500e-02 9.045361e-01 2.431866e+02 8.957398e-02 9.958540e-01 1.585137e-02 -4.598154e-01 -9.004071e-01 8.777123e-02 -4.261024e-01 -3.755871e+01
-4.295873e-01 2.463815e-02 9.026892e-01 2.453571e+02 8.910321e-02 9.959061e-01 1.522154e-02 -4.618584e-01 -8.986186e-01 8.697147e-02 -4.300239e-01 -3.859114e+01
-4.336948e-01 2.386280e-02 9.007439e-01 2.475244e+02 8.796735e-02 9.959953e-01 1.596872e-02 -4.614750e-01 -8.967556e-01 8.616158e-02 -4.340571e-01 -3.963198e+01
-4.375346e-01 2.399626e-02 8.988814e-01 2.496839e+02 8.785629e-02 9.960018e-01 1.617549e-02 -4.614460e-01 -8.948993e-01 8.604970e-02 -4.378935e-01 -4.068364e+01
-4.410215e-01 2.505593e-02 8.971467e-01 2.518424e+02 8.852924e-02 9.959498e-01 1.570406e-02 -4.628392e-01 -8.931196e-01 8.634953e-02 -4.414534e-01 -4.174631e+01
-4.446551e-01 2.500281e-02 8.953529e-01 2.539896e+02 8.810197e-02 9.959839e-01 1.594074e-02 -4.623208e-01 -8.913584e-01 8.597047e-02 -4.450721e-01 -4.281371e+01
-4.483033e-01 2.521558e-02 8.935258e-01 2.561425e+02 8.717879e-02 9.960700e-01 1.563027e-02 -4.599411e-01 -8.896201e-01 8.490359e-02 -4.487397e-01 -4.389031e+01
-4.519337e-01 2.507050e-02 8.916992e-01 2.582951e+02 8.700532e-02 9.960779e-01 1.609113e-02 -4.566041e-01 -8.877984e-01 8.485468e-02 -4.523424e-01 -4.497777e+01
-4.553868e-01 2.592550e-02 8.899162e-01 2.604446e+02 8.760414e-02 9.960298e-01 1.581181e-02 -4.515860e-01 -8.859731e-01 8.516081e-02 -4.558499e-01 -4.607408e+01
-4.588898e-01 2.701655e-02 8.880824e-01 2.625925e+02 8.903314e-02 9.959048e-01 1.570853e-02 -4.468931e-01 -8.840210e-01 8.627723e-02 -4.594159e-01 -4.718398e+01
-4.621008e-01 2.899750e-02 8.863532e-01 2.647340e+02 9.121464e-02 9.957186e-01 1.497936e-02 -4.443228e-01 -8.821240e-01 8.777034e-02 -4.627673e-01 -4.830007e+01
-4.649723e-01 2.982926e-02 8.848226e-01 2.668920e+02 9.212184e-02 9.956371e-01 1.484476e-02 -4.426920e-01 -8.805193e-01 8.841387e-02 -4.656915e-01 -4.943452e+01
-4.678605e-01 3.190777e-02 8.832262e-01 2.690255e+02 9.402770e-02 9.954733e-01 1.384527e-02 -4.394885e-01 -8.787863e-01 8.952536e-02 -4.687428e-01 -5.056793e+01
-4.704908e-01 3.425764e-02 8.817397e-01 2.711744e+02 9.593141e-02 9.953092e-01 1.251830e-02 -4.357941e-01 -8.771747e-01 9.047625e-02 -4.715702e-01 -5.172041e+01
-4.732870e-01 3.502027e-02 8.802119e-01 2.733318e+02 9.677821e-02 9.952282e-01 1.244098e-02 -4.312748e-01 -8.755760e-01 9.107347e-02 -4.744177e-01 -5.288771e+01
-4.764989e-01 3.618638e-02 8.784301e-01 2.754870e+02 9.750257e-02 9.951642e-01 1.189447e-02 -4.244063e-01 -8.737517e-01 9.131687e-02 -4.777228e-01 -5.406212e+01
-4.797661e-01 3.625912e-02 8.766469e-01 2.776580e+02 9.648349e-02 9.952665e-01 1.163754e-02 -4.182424e-01 -8.720753e-01 9.016523e-02 -4.809935e-01 -5.525311e+01
-4.830450e-01 3.738275e-02 8.747972e-01 2.798273e+02 9.727560e-02 9.951946e-01 1.118587e-02 -4.128268e-01 -8.701752e-01 9.049968e-02 -4.843602e-01 -5.645514e+01
-4.863612e-01 3.769826e-02 8.729443e-01 2.820168e+02 9.634686e-02 9.952903e-01 1.069788e-02 -4.105826e-01 -8.684296e-01 8.930846e-02 -4.877027e-01 -5.767414e+01
-4.891485e-01 3.754739e-02 8.713920e-01 2.841885e+02 9.474989e-02 9.954479e-01 1.029420e-02 -4.095589e-01 -8.670387e-01 8.759967e-02 -4.904794e-01 -5.889251e+01
-4.918877e-01 3.780488e-02 8.698375e-01 2.863724e+02 9.587566e-02 9.953330e-01 1.095791e-02 -4.079618e-01 -8.653637e-01 8.878629e-02 -4.932166e-01 -6.012956e+01
-4.938980e-01 3.783481e-02 8.686964e-01 2.885702e+02 9.748770e-02 9.951633e-01 1.208380e-02 -4.045488e-01 -8.640375e-01 9.065535e-02 -4.951976e-01 -6.138495e+01
-4.959533e-01 3.775471e-02 8.675281e-01 2.907704e+02 9.815965e-02 9.950882e-01 1.281034e-02 -3.986685e-01 -8.627832e-01 9.150956e-02 -4.972233e-01 -6.264929e+01
-4.981567e-01 3.777312e-02 8.662639e-01 2.929827e+02 9.815975e-02 9.950850e-01 1.305774e-02 -3.908822e-01 -8.615130e-01 9.153703e-02 -4.994160e-01 -6.392341e+01
-5.004590e-01 3.710110e-02 8.649649e-01 2.951953e+02 9.755645e-02 9.951348e-01 1.376055e-02 -3.821466e-01 -8.602462e-01 9.126948e-02 -5.016436e-01 -6.520624e+01
-5.030179e-01 3.703289e-02 8.634823e-01 2.974212e+02 9.842723e-02 9.950362e-01 1.466339e-02 -3.713999e-01 -8.586531e-01 9.236610e-02 -5.041660e-01 -6.650521e+01
-5.051574e-01 3.705698e-02 8.622313e-01 2.996423e+02 9.892841e-02 9.949785e-01 1.519721e-02 -3.587114e-01 -8.573384e-01 9.297614e-02 -5.062867e-01 -6.780874e+01
-5.071269e-01 3.780852e-02 8.610417e-01 3.018763e+02 9.853901e-02 9.950298e-01 1.434445e-02 -3.470056e-01 -8.562198e-01 9.212063e-02 -5.083320e-01 -6.912560e+01
-5.093585e-01 4.004183e-02 8.596224e-01 3.041141e+02 9.794371e-02 9.951234e-01 1.168175e-02 -3.372516e-01 -8.549625e-01 9.014478e-02 -5.107963e-01 -7.045170e+01
-5.126685e-01 3.931280e-02 8.576862e-01 3.063593e+02 9.633206e-02 9.952774e-01 1.196155e-02 -3.307952e-01 -8.531654e-01 8.875497e-02 -5.140344e-01 -7.179168e+01
-5.171586e-01 3.690592e-02 8.550936e-01 3.086134e+02 9.360376e-02 9.955160e-01 1.364476e-02 -3.233356e-01 -8.507557e-01 8.709646e-02 -5.182942e-01 -7.314403e+01
-5.220571e-01 3.451451e-02 8.522120e-01 3.108714e+02 9.114758e-02 9.957166e-01 1.550971e-02 -3.126191e-01 -8.480262e-01 8.577399e-02 -5.229668e-01 -7.451245e+01
-5.268235e-01 3.309434e-02 8.493302e-01 3.131301e+02 8.979367e-02 9.958171e-01 1.689507e-02 -2.971879e-01 -8.452184e-01 8.516518e-02 -5.275914e-01 -7.590012e+01
-5.311682e-01 3.348928e-02 8.466043e-01 3.153852e+02 9.017544e-02 9.957776e-01 1.718683e-02 -2.796424e-01 -8.424540e-01 8.547199e-02 -5.319453e-01 -7.730725e+01
-5.353072e-01 3.467362e-02 8.439455e-01 3.176383e+02 9.238538e-02 9.955660e-01 1.769624e-02 -2.578412e-01 -8.395898e-01 8.744113e-02 -5.361370e-01 -7.872988e+01
-5.390292e-01 3.588530e-02 8.415223e-01 3.198954e+02 9.381170e-02 9.954336e-01 1.764160e-02 -2.381554e-01 -8.370465e-01 8.845395e-02 -5.399342e-01 -8.017271e+01
-5.426799e-01 3.583575e-02 8.391748e-01 3.221579e+02 9.420860e-02 9.953821e-01 1.841670e-02 -2.197853e-01 -8.346396e-01 8.905184e-02 -5.435499e-01 -8.163211e+01
-5.466164e-01 3.426157e-02 8.366820e-01 3.244120e+02 9.455334e-02 9.952979e-01 2.101626e-02 -2.016825e-01 -8.320277e-01 9.059888e-02 -5.472856e-01 -8.310009e+01
-5.505309e-01 3.288636e-02 8.341668e-01 3.266626e+02 9.308915e-02 9.954104e-01 2.219342e-02 -1.825361e-01 -8.296084e-01 8.987002e-02 -5.510655e-01 -8.457972e+01
-5.542889e-01 3.278444e-02 8.316784e-01 3.289055e+02 9.233886e-02 9.954779e-01 2.229974e-02 -1.608324e-01 -8.271864e-01 8.915672e-02 -5.548096e-01 -8.606826e+01
-5.583189e-01 3.221365e-02 8.290008e-01 3.311477e+02 9.187847e-02 9.955000e-01 2.319514e-02 -1.383913e-01 -8.245231e-01 8.911758e-02 -5.587662e-01 -8.757051e+01
-5.624024e-01 3.172657e-02 8.262548e-01 3.333840e+02 9.317394e-02 9.953308e-01 2.520143e-02 -1.125608e-01 -8.215973e-01 9.115875e-02 -5.627325e-01 -8.908675e+01
-5.662656e-01 3.200649e-02 8.236012e-01 3.356133e+02 9.376371e-02 9.952604e-01 2.578962e-02 -8.455148e-02 -8.188722e-01 9.182766e-02 -5.665827e-01 -9.061426e+01
-5.699347e-01 3.105914e-02 8.211028e-01 3.378389e+02 9.197118e-02 9.954173e-01 2.618521e-02 -5.242768e-02 -8.165266e-01 9.044163e-02 -5.701793e-01 -9.215154e+01
-5.734629e-01 2.980165e-02 8.186893e-01 3.400560e+02 9.146806e-02 9.954189e-01 2.783523e-02 -1.599584e-02 -8.141093e-01 9.084638e-02 -5.735616e-01 -9.370014e+01
-5.764348e-01 2.883221e-02 8.166344e-01 3.422752e+02 9.162022e-02 9.953561e-01 2.952944e-02 2.333862e-02 -8.119905e-01 9.184199e-02 -5.763994e-01 -9.526502e+01
-5.792285e-01 2.833649e-02 8.146726e-01 3.444892e+02 8.960529e-02 9.955527e-01 2.908096e-02 6.337510e-02 -8.102254e-01 8.984348e-02 -5.791916e-01 -9.683616e+01
-5.821727e-01 2.738547e-02 8.126039e-01 3.467010e+02 8.552969e-02 9.959502e-01 2.771149e-02 1.024766e-01 -8.085540e-01 8.563461e-02 -5.821572e-01 -9.841195e+01
-5.852817e-01 2.656025e-02 8.103950e-01 3.489103e+02 8.243732e-02 9.962335e-01 2.688668e-02 1.402984e-01 -8.066284e-01 8.254305e-02 -5.852667e-01 -9.999813e+01
-5.884897e-01 2.360915e-02 8.081600e-01 3.511094e+02 7.975283e-02 9.963937e-01 2.896666e-02 1.754218e-01 -8.045616e-01 8.149961e-02 -5.882502e-01 -1.015909e+02
-5.915552e-01 2.271379e-02 8.059445e-01 3.533107e+02 8.013301e-02 9.963101e-01 3.073798e-02 2.141195e-01 -8.022725e-01 8.276596e-02 -5.911925e-01 -1.032033e+02
-5.945947e-01 2.268037e-02 8.037057e-01 3.554996e+02 7.939344e-02 9.963730e-01 3.061917e-02 2.539708e-01 -8.000961e-01 8.201493e-02 -5.942387e-01 -1.048170e+02
-5.974407e-01 2.308157e-02 8.015809e-01 3.576809e+02 7.813459e-02 9.965050e-01 2.954148e-02 2.903191e-01 -7.980974e-01 8.028046e-02 -5.971561e-01 -1.064411e+02
-6.007205e-01 1.876716e-02 7.992389e-01 3.598670e+02 7.511391e-02 9.966269e-01 3.305469e-02 3.297903e-01 -7.959226e-01 7.989057e-02 -6.001039e-01 -1.080781e+02
-6.038752e-01 1.623428e-02 7.969136e-01 3.620386e+02 7.242569e-02 9.967743e-01 3.457609e-02 3.801369e-01 -7.937816e-01 7.859665e-02 -6.031030e-01 -1.097167e+02
-6.068475e-01 1.634159e-02 7.946503e-01 3.642051e+02 7.194258e-02 9.968139e-01 3.444111e-02 4.335940e-01 -7.915556e-01 7.806967e-02 -6.060897e-01 -1.113631e+02
-6.095901e-01 1.605467e-02 7.925543e-01 3.663626e+02 7.126306e-02 9.968566e-01 3.461851e-02 4.855505e-01 -7.895071e-01 7.758292e-02 -6.088179e-01 -1.130176e+02
-6.122075e-01 1.580857e-02 7.905392e-01 3.685148e+02 7.108644e-02 9.968518e-01 3.511634e-02 5.357534e-01 -7.874952e-01 7.769508e-02 -6.114039e-01 -1.146817e+02
-6.150181e-01 1.428418e-02 7.883836e-01 3.706543e+02 7.043109e-02 9.968345e-01 3.688232e-02 5.857535e-01 -7.853612e-01 7.820999e-02 -6.140773e-01 -1.163494e+02
-6.177963e-01 1.359792e-02 7.862206e-01 3.727925e+02 6.786551e-02 9.970417e-01 3.608321e-02 6.347512e-01 -7.834041e-01 7.564932e-02 -6.168915e-01 -1.180262e+02
-6.206707e-01 1.085791e-02 7.839962e-01 3.749322e+02 5.885749e-02 9.977281e-01 3.277805e-02 6.806409e-01 -7.818591e-01 6.648841e-02 -6.198996e-01 -1.197055e+02
-6.239941e-01 1.192773e-02 7.813381e-01 3.770444e+02 4.951205e-02 9.984779e-01 2.429889e-02 7.141844e-01 -7.798589e-01 5.384800e-02 -6.236348e-01 -1.213733e+02
-6.266260e-01 2.205789e-02 7.790079e-01 3.791489e+02 5.900870e-02 9.980727e-01 1.920520e-02 7.322390e-01 -7.770829e-01 5.800271e-02 -6.267199e-01 -1.230734e+02
-6.274763e-01 2.388148e-02 7.782693e-01 3.812460e+02 6.664289e-02 9.975089e-01 2.312160e-02 7.514499e-01 -7.757784e-01 6.637436e-02 -6.275047e-01 -1.247861e+02
-6.293392e-01 1.350458e-02 7.770134e-01 3.833531e+02 6.579098e-02 9.971854e-01 3.595595e-02 7.912642e-01 -7.743408e-01 7.374895e-02 -6.284563e-01 -1.264979e+02
-6.322787e-01 3.794990e-03 7.747318e-01 3.854625e+02 6.029882e-02 9.971956e-01 4.432671e-02 8.581189e-01 -7.723909e-01 7.474223e-02 -6.307344e-01 -1.282062e+02
-6.354821e-01 -2.169544e-03 7.721126e-01 3.875638e+02 5.428748e-02 9.973957e-01 4.748350e-02 9.375737e-01 -7.702048e-01 7.209095e-02 -6.337093e-01 -1.299140e+02
-6.382772e-01 -2.563005e-03 7.698024e-01 3.896489e+02 5.281065e-02 9.974927e-01 4.710871e-02 1.015440e+00 -7.679930e-01 7.072216e-02 -6.365415e-01 -1.316273e+02
-6.407552e-01 2.180977e-03 7.677422e-01 3.917168e+02 5.798493e-02 9.972772e-01 4.556100e-02 1.088896e+00 -7.655524e-01 7.371091e-02 -6.391370e-01 -1.333507e+02
-6.427141e-01 9.281153e-03 7.660500e-01 3.937800e+02 6.314894e-02 9.971656e-01 4.090054e-02 1.154913e+00 -7.634991e-01 7.466258e-02 -6.414785e-01 -1.350831e+02
-6.451251e-01 1.299057e-02 7.639665e-01 3.958385e+02 6.465990e-02 9.971970e-01 3.764505e-02 1.214067e+00 -7.613361e-01 7.368375e-02 -6.441568e-01 -1.368244e+02
-6.480120e-01 1.202720e-02 7.615352e-01 3.978934e+02 6.400803e-02 9.971980e-01 3.871714e-02 1.272858e+00 -7.589357e-01 7.383352e-02 -6.469661e-01 -1.385702e+02
-6.508502e-01 1.161103e-02 7.591174e-01 3.999429e+02 6.462644e-02 9.971011e-01 4.015815e-02 1.334967e+00 -7.564505e-01 7.519598e-02 -6.497138e-01 -1.403176e+02
-6.532311e-01 1.121137e-02 7.570756e-01 4.019775e+02 6.522569e-02 9.970066e-01 4.151452e-02 1.399861e+00 -7.543439e-01 7.649933e-02 -6.520070e-01 -1.420688e+02
-6.550600e-01 1.168809e-02 7.554865e-01 4.040132e+02 6.588239e-02 9.969556e-01 4.170082e-02 1.463950e+00 -7.526991e-01 7.708978e-02 -6.538357e-01 -1.438398e+02
-6.564592e-01 1.172668e-02 7.542705e-01 4.060396e+02 6.614536e-02 9.969228e-01 4.206862e-02 1.530570e+00 -7.514560e-01 7.750781e-02 -6.552147e-01 -1.456094e+02
-6.576740e-01 1.232267e-02 7.532019e-01 4.080639e+02 6.689873e-02 9.968710e-01 4.210482e-02 1.596786e+00 -7.503263e-01 7.807948e-02 -6.564404e-01 -1.473861e+02
-6.587023e-01 1.203487e-02 7.523075e-01 4.100865e+02 6.824368e-02 9.967064e-01 4.380791e-02 1.665192e+00 -7.493024e-01 8.019658e-02 -6.573540e-01 -1.491653e+02
-6.597711e-01 1.115265e-02 7.513839e-01 4.120999e+02 6.999913e-02 9.964545e-01 4.667426e-02 1.739480e+00 -7.481993e-01 8.339053e-02 -6.582125e-01 -1.509391e+02
-6.608928e-01 1.078191e-02 7.504029e-01 4.141199e+02 7.151847e-02 9.962510e-01 4.867325e-02 1.820766e+00 -7.470648e-01 8.583545e-02 -6.591862e-01 -1.527256e+02
-6.619843e-01 1.147200e-02 7.494300e-01 4.161297e+02 7.086687e-02 9.963615e-01 4.734596e-02 1.902123e+00 -7.461600e-01 8.445202e-02 -6.603886e-01 -1.545063e+02
-6.634470e-01 1.166464e-02 7.481324e-01 4.181369e+02 6.703205e-02 9.967844e-01 4.390275e-02 1.980352e+00 -7.452146e-01 7.927598e-02 -6.620955e-01 -1.562858e+02
-6.647307e-01 1.113233e-02 7.470002e-01 4.201401e+02 6.397313e-02 9.970645e-01 4.206859e-02 2.051261e+00 -7.443390e-01 7.575220e-02 -6.634915e-01 -1.580701e+02
-6.658022e-01 1.000833e-02 7.460613e-01 4.221413e+02 6.306201e-02 9.970870e-01 4.290216e-02 2.117805e+00 -7.434586e-01 7.561245e-02 -6.644938e-01 -1.598579e+02
-6.666894e-01 8.669528e-03 7.452853e-01 4.241424e+02 6.129618e-02 9.971829e-01 4.323230e-02 2.186326e+00 -7.428109e-01 7.450564e-02 -6.653426e-01 -1.616509e+02
-6.676013e-01 8.285427e-03 7.444729e-01 4.261357e+02 5.852154e-02 9.974282e-01 4.137817e-02 2.256082e+00 -7.422154e-01 7.119181e-02 -6.663692e-01 -1.634423e+02
-6.684511e-01 6.991256e-03 7.437233e-01 4.281288e+02 5.725191e-02 9.974725e-01 4.208085e-02 2.325413e+00 -7.415493e-01 7.070856e-02 -6.671618e-01 -1.652378e+02
-6.688990e-01 5.516573e-03 7.433329e-01 4.301109e+02 5.777251e-02 9.973336e-01 4.458581e-02 2.396912e+00 -7.411049e-01 7.276759e-02 -6.674341e-01 -1.670320e+02
-6.688562e-01 4.782552e-03 7.433765e-01 4.320961e+02 5.962807e-02 9.971024e-01 4.723569e-02 2.471810e+00 -7.409965e-01 7.591998e-02 -6.672033e-01 -1.688310e+02
-6.679607e-01 3.317931e-03 7.441892e-01 4.340721e+02 6.413589e-02 9.965262e-01 5.312338e-02 2.549279e+00 -7.414277e-01 8.321354e-02 -6.658531e-01 -1.706280e+02
-6.664665e-01 2.245014e-03 7.455316e-01 4.360531e+02 6.807604e-02 9.960011e-01 5.785718e-02 2.650572e+00 -7.424204e-01 8.931269e-02 -6.639541e-01 -1.724221e+02
-6.646993e-01 4.525680e-04 7.471109e-01 4.380420e+02 6.387629e-02 9.963726e-01 5.622671e-02 2.755615e+00 -7.443754e-01 8.509651e-02 -6.623170e-01 -1.742029e+02
-6.640222e-01 7.332386e-04 7.477126e-01 4.400300e+02 5.667972e-02 9.971716e-01 4.935776e-02 2.843910e+00 -7.455615e-01 7.515477e-02 -6.621855e-01 -1.759705e+02
-6.623343e-01 -1.685100e-03 7.492066e-01 4.420339e+02 5.114571e-02 9.975629e-01 4.745893e-02 2.921911e+00 -7.474606e-01 6.975236e-02 -6.606339e-01 -1.777475e+02
