5.448956e-01 4.281668e-02 8.374100e-01 -1.900891e+01 -2.351869e-02 9.990829e-01 -3.577959e-02 8.643181e-01 -8.381739e-01 -1.986525e-04 5.454029e-01 -1.415364e+01
5.519991e-01 4.184372e-02 8.327942e-01 -1.847786e+01 -2.258719e-02 9.991239e-01 -3.522955e-02 8.290798e-01 -8.335387e-01 6.361923e-04 5.524606e-01 -1.379381e+01
5.556621e-01 4.050173e-02 8.304212e-01 -1.795240e+01 -2.166653e-02 9.991789e-01 -3.423470e-02 7.918610e-01 -8.311259e-01 1.030570e-03 5.560833e-01 -1.343935e+01
5.569920e-01 3.858300e-02 8.296212e-01 -1.742718e+01 -1.938938e-02 9.992521e-01 -3.345433e-02 7.543507e-01 -8.302915e-01 2.547958e-03 5.573235e-01 -1.309013e+01
5.573918e-01 3.696434e-02 8.294264e-01 -1.690498e+01 -1.759024e-02 9.993099e-01 -3.271439e-02 7.153450e-01 -8.300632e-01 3.644921e-03 5.576573e-01 -1.274653e+01
5.570950e-01 3.517210e-02 8.297036e-01 -1.638799e+01 -1.494201e-02 9.993655e-01 -3.233163e-02 6.799779e-01 -8.303143e-01 5.614345e-03 5.572671e-01 -1.240644e+01
5.554371e-01 3.320217e-02 8.308955e-01 -1.587464e+01 -1.246060e-02 9.994227e-01 -3.160678e-02 6.482271e-01 -8.314651e-01 7.202121e-03 5.555302e-01 -1.206932e+01
5.516085e-01 3.203289e-02 8.334879e-01 -1.536708e+01 -1.066301e-02 9.994514e-01 -3.135441e-02 6.164130e-01 -8.340350e-01 8.407861e-03 5.516474e-01 -1.173945e+01
5.462558e-01 3.078565e-02 8.370525e-01 -1.486310e+01 -9.206790e-03 9.994846e-01 -3.075139e-02 5.853326e-01 -8.375678e-01 9.091552e-03 5.462576e-01 -1.141748e+01
5.400629e-01 2.855788e-02 8.411401e-01 -1.436358e+01 -6.185860e-03 9.995318e-01 -2.996381e-02 5.539444e-01 -8.416019e-01 1.097916e-02 5.399866e-01 -1.110693e+01
5.343926e-01 2.635277e-02 8.448255e-01 -1.387316e+01 -1.770812e-03 9.995465e-01 -3.005890e-02 5.226973e-01 -8.452345e-01 1.456722e-02 5.341969e-01 -1.080922e+01
5.292431e-01 2.513356e-02 8.480980e-01 -1.339333e+01 1.918343e-03 9.995231e-01 -3.081820e-02 4.936346e-01 -8.484681e-01 1.793725e-02 5.289424e-01 -1.052211e+01
5.235449e-01 2.440251e-02 8.516486e-01 -1.292267e+01 4.403922e-03 9.994989e-01 -3.134619e-02 4.645181e-01 -8.519867e-01 2.016173e-02 5.231751e-01 -1.024262e+01
5.177704e-01 2.466935e-02 8.551639e-01 -1.246406e+01 5.605283e-03 9.994649e-01 -3.222587e-02 4.364960e-01 -8.555012e-01 2.147903e-02 5.173550e-01 -9.972850e+00
5.125070e-01 2.446316e-02 8.583346e-01 -1.201256e+01 7.010353e-03 9.994416e-01 -3.267066e-02 4.084713e-01 -8.586544e-01 2.276116e-02 5.120492e-01 -9.712136e+00
5.074175e-01 2.386879e-02 8.613697e-01 -1.157478e+01 9.189271e-03 9.994095e-01 -3.310715e-02 3.801443e-01 -8.616513e-01 2.471450e-02 5.068985e-01 -9.466819e+00
5.019300e-01 2.165062e-02 8.646372e-01 -1.114413e+01 1.258254e-02 9.993980e-01 -3.232934e-02 3.513900e-01 -8.648167e-01 2.710639e-02 5.013554e-01 -9.231205e+00
4.966777e-01 1.906779e-02 8.677256e-01 -1.072406e+01 1.576590e-02 9.993955e-01 -3.098542e-02 3.234019e-01 -8.677918e-01 2.907023e-02 4.960768e-01 -9.005949e+00
4.917680e-01 1.738682e-02 8.705527e-01 -1.031791e+01 1.729472e-02 9.994083e-01 -2.973000e-02 2.969119e-01 -8.705544e-01 2.967621e-02 4.911763e-01 -8.788752e+00
4.868646e-01 1.702632e-02 8.733115e-01 -9.925651e+00 1.569748e-02 9.994780e-01 -2.823733e-02 2.717875e-01 -8.733363e-01 2.745654e-02 4.863432e-01 -8.577088e+00
4.817468e-01 1.615353e-02 8.761616e-01 -9.550035e+00 1.545132e-02 9.995181e-01 -2.692354e-02 2.470296e-01 -8.761742e-01 2.650817e-02 4.812650e-01 -8.378380e+00
4.772789e-01 1.557987e-02 8.786138e-01 -9.188230e+00 1.610619e-02 9.995197e-01 -2.647299e-02 2.217585e-01 -8.786042e-01 2.678611e-02 4.767987e-01 -8.193104e+00
4.732671e-01 1.452920e-02 8.807992e-01 -8.843007e+00 1.849921e-02 9.994795e-01 -2.642681e-02 1.979693e-01 -8.807247e-01 2.880102e-02 4.727520e-01 -8.023430e+00
4.696391e-01 1.337119e-02 8.827573e-01 -8.515855e+00 2.050900e-02 9.994502e-01 -2.604982e-02 1.770073e-01 -8.826202e-01 3.033847e-02 4.691067e-01 -7.864360e+00
4.658156e-01 1.301368e-02 8.847862e-01 -8.211014e+00 2.203305e-02 9.994112e-01 -2.629941e-02 1.574511e-01 -8.846074e-01 3.174520e-02 4.652546e-01 -7.716742e+00
4.626758e-01 1.353184e-02 8.864243e-01 -7.926879e+00 2.237008e-02 9.993869e-01 -2.693253e-02 1.385032e-01 -8.862453e-01 3.229040e-02 4.620894e-01 -7.578078e+00
4.599587e-01 1.564454e-02 8.878025e-01 -7.666677e+00 2.180944e-02 9.993441e-01 -2.890927e-02 1.212137e-01 -8.876724e-01 3.265954e-02 4.593157e-01 -7.451274e+00
4.581729e-01 1.780628e-02 8.886848e-01 -7.426664e+00 2.149900e-02 9.992848e-01 -3.110643e-02 1.043387e-01 -8.886030e-01 3.335795e-02 4.574624e-01 -7.335419e+00
4.574193e-01 2.064414e-02 8.890115e-01 -7.195608e+00 2.173616e-02 9.991722e-01 -3.438605e-02 8.690973e-02 -8.889854e-01 3.505253e-02 4.565919e-01 -7.225477e+00
4.580054e-01 2.300707e-02 8.886517e-01 -6.965634e+00 2.399934e-02 9.989806e-01 -3.823259e-02 6.980096e-02 -8.886253e-01 3.883777e-02 4.569864e-01 -7.116444e+00
4.603458e-01 2.346199e-02 8.874296e-01 -6.732949e+00 2.647110e-02 9.988434e-01 -4.013921e-02 5.536442e-02 -8.873449e-01 4.196915e-02 4.591923e-01 -7.004384e+00
4.646731e-01 2.295985e-02 8.851846e-01 -6.509157e+00 2.739505e-02 9.988125e-01 -4.028802e-02 4.498962e-02 -8.850584e-01 4.297042e-02 4.634923e-01 -6.882267e+00
4.717340e-01 2.221782e-02 8.814610e-01 -6.290034e+00 2.668982e-02 9.988646e-01 -3.946073e-02 3.483157e-02 -8.813369e-01 4.214099e-02 4.706053e-01 -6.754992e+00
4.807006e-01 2.485092e-02 8.765326e-01 -6.081177e+00 2.381464e-02 9.988596e-01 -4.137929e-02 2.288921e-02 -8.765613e-01 4.076535e-02 4.795606e-01 -6.624412e+00
4.915793e-01 2.907040e-02 8.703475e-01 -5.880260e+00 2.214281e-02 9.987022e-01 -4.586401e-02 7.391935e-03 -8.705513e-01 4.181772e-02 4.902976e-01 -6.496252e+00
5.044140e-01 3.228266e-02 8.628583e-01 -5.683176e+00 2.130874e-02 9.985311e-01 -4.981545e-02 -7.289078e-03 -8.631989e-01 4.351403e-02 5.029851e-01 -6.365703e+00
5.190654e-01 3.364022e-02 8.540723e-01 -5.489078e+00 2.112580e-02 9.984150e-01 -5.216488e-02 -2.195396e-02 -8.544734e-01 4.511993e-02 5.175319e-01 -6.233971e+00
5.352225e-01 3.366225e-02 8.440402e-01 -5.299828e+00 2.005515e-02 9.984176e-01 -5.253655e-02 -3.518676e-02 -8.444730e-01 4.504608e-02 5.337004e-01 -6.094816e+00
5.520796e-01 3.445039e-02 8.330794e-01 -5.115930e+00 1.741012e-02 9.984519e-01 -5.282670e-02 -5.023552e-02 -8.336096e-01 4.366855e-02 5.506251e-01 -5.951422e+00
5.699734e-01 3.563471e-02 8.208901e-01 -4.934984e+00 1.585904e-02 9.983959e-01 -5.435171e-02 -6.430690e-02 -8.215101e-01 4.399755e-02 5.684939e-01 -5.802268e+00
5.901721e-01 3.814704e-02 8.063757e-01 -4.745745e+00 1.542878e-02 9.981674e-01 -5.851215e-02 -7.864708e-02 -8.071300e-01 4.697362e-02 5.885019e-01 -5.644725e+00
6.109687e-01 3.920078e-02 7.906836e-01 -4.546901e+00 1.645771e-02 9.979284e-01 -6.219267e-02 -9.511714e-02 -7.914836e-01 5.101060e-02 6.090579e-01 -5.474396e+00
6.319729e-01 3.879883e-02 7.740187e-01 -4.339961e+00 1.612521e-02 9.978715e-01 -6.318575e-02 -1.133601e-01 -7.748227e-01 5.241289e-02 6.300021e-01 -5.285216e+00
6.534976e-01 3.915886e-02 7.559150e-01 -4.130458e+00 1.165876e-02 9.980217e-01 -6.177992e-02 -1.325004e-01 -7.568387e-01 4.918605e-02 6.517482e-01 -5.073841e+00
6.749762e-01 3.860696e-02 7.368289e-01 -3.918483e+00 5.235747e-03 9.983544e-01 -5.710612e-02 -1.545950e-01 -7.378210e-01 4.240311e-02 6.736632e-01 -4.841217e+00
6.967523e-01 3.488786e-02 7.164629e-01 -3.697865e+00 1.686952e-03 9.987340e-01 -5.027348e-02 -1.802182e-01 -7.173098e-01 3.623679e-02 6.958113e-01 -4.592905e+00
7.183685e-01 2.960816e-02 6.950324e-01 -3.473372e+00 3.035099e-03 9.989509e-01 -4.569201e-02 -2.037006e-01 -6.956561e-01 3.493318e-02 7.175250e-01 -4.334121e+00
7.397501e-01 2.685171e-02 6.723458e-01 -3.251958e+00 3.400964e-03 9.990415e-01 -4.364100e-02 -2.245399e-01 -6.728731e-01 3.457005e-02 7.389497e-01 -4.063126e+00
7.612835e-01 2.602284e-02 6.478969e-01 -3.037676e+00 2.050853e-03 9.990927e-01 -4.253843e-02 -2.463900e-01 -6.484160e-01 3.371254e-02 7.605393e-01 -3.769289e+00
7.826368e-01 2.687946e-02 6.218981e-01 -2.828032e+00 -2.246108e-03 9.991827e-01 -4.035969e-02 -2.688144e-01 -6.224746e-01 3.019012e-02 7.820574e-01 -3.456951e+00
8.029185e-01 2.563701e-02 5.955373e-01 -2.618666e+00 -3.745083e-03 9.992719e-01 -3.796798e-02 -2.919692e-01 -5.960771e-01 2.825485e-02 8.024298e-01 -3.132043e+00
8.230044e-01 2.367897e-02 5.675413e-01 -2.408137e+00 -3.048275e-03 9.993005e-01 -3.727247e-02 -3.142259e-01 -5.680268e-01 2.894538e-02 8.225008e-01 -2.790908e+00
8.430290e-01 2.035561e-02 5.374828e-01 -2.199410e+00 9.791069e-04 9.992239e-01 -3.937843e-02 -3.329592e-01 -5.378672e-01 3.372340e-02 8.423548e-01 -2.430206e+00
8.624118e-01 1.751042e-02 5.059044e-01 -1.995823e+00 3.107650e-03 9.991995e-01 -3.988200e-02 -3.521711e-01 -5.061978e-01 3.596687e-02 8.616670e-01 -2.041747e+00
8.807641e-01 1.512267e-02 4.733139e-01 -1.801721e+00 2.564983e-03 9.993229e-01 -3.670202e-02 -3.710700e-01 -4.735484e-01 3.353986e-02 8.801289e-01 -1.625169e+00
8.979859e-01 1.603472e-02 4.397322e-01 -1.619301e+00 -1.605042e-03 9.994485e-01 -3.316695e-02 -3.905415e-01 -4.400215e-01 2.907766e-02 8.975163e-01 -1.177136e+00
9.142476e-01 1.697871e-02 4.048002e-01 -1.444291e+00 -4.665837e-03 9.994965e-01 -3.138445e-02 -4.091277e-01 -4.051292e-01 2.680442e-02 9.138664e-01 -7.098437e-01
9.293015e-01 1.175271e-02 3.691351e-01 -1.269630e+00 -1.794683e-03 9.996254e-01 -2.730845e-02 -4.288300e-01 -3.693178e-01 2.471530e-02 9.289744e-01 -2.150744e-01
9.430129e-01 4.554133e-03 3.327250e-01 -1.102382e+00 3.438296e-03 9.997196e-01 -2.342840e-02 -4.503757e-01 -3.327384e-01 2.323728e-02 9.427328e-01 3.018002e-01
9.556077e-01 -4.713593e-03 2.946046e-01 -9.458897e-01 1.148510e-02 9.997080e-01 -2.125910e-02 -4.699004e-01 -2.944183e-01 2.369892e-02 9.553827e-01 8.454409e-01
9.667553e-01 -1.039661e-02 2.554919e-01 -8.121858e-01 1.619852e-02 9.996562e-01 -2.061502e-02 -4.869598e-01 -2.551897e-01 2.406826e-02 9.665913e-01 1.417145e+00
9.763638e-01 -1.200627e-02 2.158003e-01 -7.128327e-01 1.705916e-02 9.996218e-01 -2.156723e-02 -5.013363e-01 -2.154597e-01 2.473882e-02 9.761993e-01 2.020444e+00
9.840273e-01 -1.038824e-02 1.777143e-01 -6.378581e-01 1.460092e-02 9.996421e-01 -2.241338e-02 -5.154859e-01 -1.774179e-01 2.465016e-02 9.838268e-01 2.648628e+00
9.897170e-01 -9.874901e-03 1.426985e-01 -5.774130e-01 1.343789e-02 9.996210e-01 -2.402653e-02 -5.276563e-01 -1.424071e-01 2.569703e-02 9.894745e-01 3.304554e+00
9.937803e-01 -1.050678e-02 1.108618e-01 -5.289363e-01 1.338549e-02 9.995914e-01 -2.525440e-02 -5.401560e-01 -1.105512e-01 2.658126e-02 9.935149e-01 3.992533e+00
9.965121e-01 -1.271911e-02 8.247366e-02 -4.902611e-01 1.477706e-02 9.995933e-01 -2.439053e-02 -5.581546e-01 -8.212989e-02 2.552417e-02 9.962947e-01 4.697446e+00
9.983110e-01 -1.348660e-02 5.650902e-02 -4.709248e-01 1.488386e-02 9.995920e-01 -2.437880e-02 -5.760638e-01 -5.615717e-02 2.517869e-02 9.981044e-01 5.426109e+00
9.993849e-01 -1.301802e-02 3.256524e-02 -4.637439e-01 1.384848e-02 9.995812e-01 -2.540737e-02 -5.976769e-01 -3.222085e-02 2.584272e-02 9.991466e-01 6.162183e+00
9.998655e-01 -1.134766e-02 1.184681e-02 -4.641394e-01 1.163743e-02 9.996275e-01 -2.468459e-02 -6.120160e-01 -1.156228e-02 2.481914e-02 9.996250e-01 6.920857e+00
9.999316e-01 -9.466175e-03 -6.877324e-03 -4.766370e-01 9.311525e-03 9.997106e-01 -2.218139e-02 -6.276445e-01 7.085306e-03 2.211583e-02 9.997303e-01 7.694492e+00
9.997347e-01 -8.921921e-03 -2.123679e-02 -4.970589e-01 8.515965e-03 9.997807e-01 -1.913006e-02 -6.434513e-01 2.140281e-02 1.894413e-02 9.995914e-01 8.489033e+00
9.995322e-01 -3.646739e-03 -3.036747e-02 -5.313984e-01 3.104036e-03 9.998350e-01 -1.789922e-02 -6.633061e-01 3.042773e-02 1.779658e-02 9.993785e-01 9.295931e+00
9.993754e-01 1.325286e-03 -3.531589e-02 -5.707381e-01 -2.022584e-03 9.998035e-01 -1.971621e-02 -6.757426e-01 3.528282e-02 1.977532e-02 9.991816e-01 1.011987e+01
9.993099e-01 1.808124e-03 -3.710089e-02 -6.048110e-01 -2.613311e-03 9.997618e-01 -2.166562e-02 -6.892524e-01 3.705288e-02 2.174762e-02 9.990766e-01 1.095905e+01
9.992863e-01 -9.650904e-04 -3.776342e-02 -6.242421e-01 1.504223e-04 9.997673e-01 -2.156984e-02 -7.023164e-01 3.777545e-02 2.154876e-02 9.990538e-01 1.181777e+01
9.992870e-01 -2.282807e-03 -3.768894e-02 -6.484508e-01 1.536398e-03 9.998023e-01 -1.982155e-02 -7.264710e-01 3.772674e-02 1.974951e-02 9.990929e-01 1.268675e+01
9.992798e-01 -3.911630e-04 -3.794498e-02 -6.801171e-01 -3.604084e-04 9.998039e-01 -1.979801e-02 -7.525259e-01 3.794528e-02 1.979743e-02 9.990836e-01 1.356921e+01
9.992673e-01 1.237887e-03 -3.825395e-02 -7.118728e-01 -2.115448e-03 9.997353e-01 -2.290842e-02 -7.792859e-01 3.821547e-02 2.297256e-02 9.990054e-01 1.446601e+01
9.992507e-01 4.110066e-03 -3.848721e-02 -7.483848e-01 -5.080577e-03 9.996707e-01 -2.515268e-02 -8.066043e-01 3.837116e-02 2.532937e-02 9.989424e-01 1.537850e+01
9.992121e-01 7.504414e-03 -3.897420e-02 -7.865066e-01 -8.524887e-03 9.996234e-01 -2.608344e-02 -8.385639e-01 3.876378e-02 2.639513e-02 9.988997e-01 1.630730e+01
9.991758e-01 8.870216e-03 -3.961127e-02 -8.252649e-01 -9.823865e-03 9.996650e-01 -2.394578e-02 -8.761044e-01 3.938559e-02 2.431517e-02 9.989281e-01 1.724745e+01
9.991345e-01 6.169517e-03 -4.113703e-02 -8.608237e-01 -7.056113e-03 9.997452e-01 -2.144200e-02 -9.147192e-01 4.099426e-02 2.171371e-02 9.989234e-01 1.819174e+01
9.990317e-01 6.336356e-03 -4.353747e-02 -9.050122e-01 -7.225485e-03 9.997679e-01 -2.029522e-02 -9.533412e-01 4.339876e-02 2.059015e-02 9.988456e-01 1.914491e+01
9.988869e-01 5.412752e-03 -4.685889e-02 -9.508667e-01 -6.411686e-03 9.997548e-01 -2.119391e-02 -9.934983e-01 4.673268e-02 2.147076e-02 9.986766e-01 2.010698e+01
9.986886e-01 2.725992e-03 -5.112422e-02 -9.982187e-01 -3.872697e-03 9.997428e-01 -2.234414e-02 -1.029351e+00 5.105016e-02 2.251282e-02 9.984423e-01 2.108440e+01
9.984608e-01 7.126212e-04 -5.545880e-02 -1.050402e+00 -1.982371e-03 9.997371e-01 -2.284373e-02 -1.065831e+00 5.542794e-02 2.291850e-02 9.981996e-01 2.207364e+01
9.982289e-01 1.151927e-03 -5.948024e-02 -1.111700e+00 -2.333633e-03 9.998012e-01 -1.980156e-02 -1.101589e+00 5.944560e-02 1.990529e-02 9.980330e-01 2.308151e+01
9.980000e-01 2.866564e-04 -6.321365e-02 -1.176238e+00 -1.288799e-03 9.998741e-01 -1.581305e-02 -1.135143e+00 6.320115e-02 1.586290e-02 9.978747e-01 2.410049e+01
9.977530e-01 5.367514e-04 -6.699836e-02 -1.245567e+00 -1.330644e-03 9.999294e-01 -1.180537e-02 -1.165681e+00 6.698729e-02 1.186799e-02 9.976832e-01 2.513554e+01
9.975440e-01 1.221290e-03 -7.003307e-02 -1.318962e+00 -1.918705e-03 9.999492e-01 -9.891966e-03 -1.193623e+00 7.001743e-02 1.000204e-02 9.974956e-01 2.617785e+01
9.973693e-01 2.486522e-03 -7.244577e-02 -1.395968e+00 -3.442847e-03 9.999085e-01 -1.307868e-02 -1.222323e+00 7.240661e-02 1.329370e-02 9.972865e-01 2.722466e+01
9.972240e-01 3.612189e-03 -7.437345e-02 -1.477065e+00 -5.032127e-03 9.998084e-01 -1.891346e-02 -1.250185e+00 7.429088e-02 1.923521e-02 9.970510e-01 2.827774e+01
9.971173e-01 3.081023e-03 -7.581292e-02 -1.558337e+00 -4.671273e-03 9.997726e-01 -2.080760e-02 -1.281898e+00 7.573156e-02 2.110176e-02 9.969049e-01 2.934201e+01
9.970078e-01 2.486793e-03 -7.726099e-02 -1.640741e+00 -3.745539e-03 9.998625e-01 -1.615149e-02 -1.315662e+00 7.721020e-02 1.639255e-02 9.968800e-01 3.042088e+01
9.969060e-01 2.573458e-03 -7.856076e-02 -1.724717e+00 -3.335734e-03 9.999486e-01 -9.573322e-03 -1.350706e+00 7.853208e-02 9.805760e-03 9.968633e-01 3.150487e+01
9.967643e-01 -3.909575e-03 -8.028551e-02 -1.802380e+00 3.293692e-03 9.999641e-01 -7.802165e-03 -1.379426e+00 8.031313e-02 7.512483e-03 9.967413e-01 3.259080e+01
9.966451e-01 -7.810978e-03 -8.147111e-02 -1.879320e+00 6.886688e-03 9.999087e-01 -1.161985e-02 -1.407888e+00 8.155444e-02 1.101980e-02 9.966079e-01 3.366468e+01
9.966224e-01 -7.018970e-03 -8.182096e-02 -1.966625e+00 5.653365e-03 9.998410e-01 -1.690991e-02 -1.447013e+00 8.192664e-02 1.639023e-02 9.965035e-01 3.474244e+01
9.966235e-01 -4.983852e-03 -8.195652e-02 -2.057718e+00 3.471261e-03 9.998212e-01 -1.858817e-02 -1.487218e+00 8.203450e-02 1.824091e-02 9.964625e-01 3.582986e+01
9.967386e-01 -1.396567e-03 -8.068617e-02 -2.150183e+00 3.349680e-05 9.998573e-01 -1.689237e-02 -1.530548e+00 8.069825e-02 1.683457e-02 9.965963e-01 3.692359e+01
9.968688e-01 2.642999e-03 -7.902991e-02 -2.238254e+00 -3.782436e-03 9.998910e-01 -1.427157e-02 -1.569943e+00 7.898357e-02 1.452580e-02 9.967700e-01 3.802774e+01
9.969725e-01 2.749507e-03 -7.770694e-02 -2.317142e+00 -3.799372e-03 9.999034e-01 -1.336595e-02 -1.606535e+00 7.766268e-02 1.362072e-02 9.968866e-01 3.913464e+01
9.970910e-01 2.862993e-03 -7.616721e-02 -2.397389e+00 -3.681576e-03 9.999369e-01 -1.060893e-02 -1.638706e+00 7.613203e-02 1.085848e-02 9.970386e-01 4.024904e+01
9.971702e-01 9.331554e-03 -7.459634e-02 -2.481505e+00 -9.880389e-03 9.999267e-01 -6.991735e-03 -1.670571e+00 7.452563e-02 7.708990e-03 9.971892e-01 4.136383e+01
9.973164e-01 1.223167e-02 -7.218377e-02 -2.563489e+00 -1.272979e-02 9.998982e-01 -6.444779e-03 -1.700399e+00 7.209759e-02 7.346367e-03 9.973705e-01 4.247906e+01
9.974598e-01 1.332772e-02 -6.997458e-02 -2.638864e+00 -1.396436e-02 9.998653e-01 -8.616922e-03 -1.730020e+00 6.985031e-02 9.572183e-03 9.975115e-01 4.359428e+01
9.975934e-01 1.621102e-02 -6.741456e-02 -2.715061e+00 -1.708946e-02 9.997761e-01 -1.247404e-02 -1.765263e+00 6.719725e-02 1.359610e-02 9.976470e-01 4.471026e+01
9.977395e-01 1.579921e-02 -6.531783e-02 -2.782512e+00 -1.668325e-02 9.997761e-01 -1.301107e-02 -1.803738e+00 6.509764e-02 1.407137e-02 9.977796e-01 4.583249e+01
9.978718e-01 1.542677e-02 -6.335591e-02 -2.848280e+00 -1.615549e-02 9.998089e-01 -1.100577e-02 -1.840111e+00 6.317402e-02 1.200589e-02 9.979303e-01 4.696257e+01
9.980055e-01 1.563743e-02 -6.116015e-02 -2.914760e+00 -1.630573e-02 9.998125e-01 -1.044312e-02 -1.877642e+00 6.098538e-02 1.141955e-02 9.980733e-01 4.809641e+01
9.980727e-01 1.785388e-02 -5.943303e-02 -2.981824e+00 -1.879918e-02 9.997049e-01 -1.538429e-02 -1.915142e+00 5.914082e-02 1.647193e-02 9.981137e-01 4.922285e+01
9.981330e-01 1.645449e-02 -5.882099e-02 -3.041372e+00 -1.765671e-02 9.996445e-01 -1.997763e-02 -1.951517e+00 5.847135e-02 2.097891e-02 9.980686e-01 5.035697e+01
9.981519e-01 1.447239e-02 -5.901996e-02 -3.098225e+00 -1.561081e-02 9.997000e-01 -1.887344e-02 -1.990571e+00 5.872910e-02 1.975991e-02 9.980783e-01 5.150882e+01
9.981622e-01 1.256095e-02 -5.928416e-02 -3.156600e+00 -1.345292e-02 9.998019e-01 -1.467064e-02 -2.028592e+00 5.908813e-02 1.544122e-02 9.981333e-01 5.266326e+01
9.982264e-01 8.707782e-03 -5.889307e-02 -3.212653e+00 -9.492043e-03 9.998698e-01 -1.305006e-02 -2.065955e+00 5.877176e-02 1.358592e-02 9.981789e-01 5.382038e+01
9.982826e-01 3.593007e-03 -5.847319e-02 -3.268258e+00 -4.416541e-03 9.998928e-01 -1.396081e-02 -2.101998e+00 5.841675e-02 1.419508e-02 9.981913e-01 5.497678e+01
9.983025e-01 2.381471e-03 -5.819370e-02 -3.326194e+00 -3.242111e-03 9.998867e-01 -1.469930e-02 -2.137882e+00 5.815209e-02 1.486302e-02 9.981970e-01 5.613489e+01
9.983384e-01 -1.945878e-03 -5.759066e-02 -3.380992e+00 1.316070e-03 9.999389e-01 -1.097186e-02 -2.170759e+00 5.760849e-02 1.087783e-02 9.982799e-01 5.730736e+01
9.983750e-01 -3.236659e-03 -5.689506e-02 -3.437582e+00 2.960420e-03 9.999834e-01 -4.938856e-03 -2.199954e+00 5.691010e-02 4.762397e-03 9.983679e-01 5.848395e+01
9.984334e-01 -3.123410e-03 -5.586689e-02 -3.502086e+00 2.967275e-03 9.999914e-01 -2.877501e-03 -2.229392e+00 5.587540e-02 2.707220e-03 9.984340e-01 5.966130e+01
9.984207e-01 -1.978011e-03 -5.614530e-02 -3.567609e+00 1.438735e-03 9.999524e-01 -9.643816e-03 -2.260389e+00 5.616170e-02 9.547806e-03 9.983760e-01 6.083477e+01
9.984294e-01 6.590204e-05 -5.602514e-02 -3.637028e+00 -1.090354e-03 9.998327e-01 -1.825521e-02 -2.299040e+00 5.601456e-02 1.828762e-02 9.982624e-01 6.200855e+01
9.984213e-01 5.675464e-03 -5.588271e-02 -3.713046e+00 -6.858339e-03 9.997560e-01 -2.099811e-02 -2.342808e+00 5.574990e-02 2.134822e-02 9.982165e-01 6.319369e+01
9.984266e-01 8.129750e-03 -5.548270e-02 -3.786600e+00 -9.204457e-03 9.997744e-01 -1.914214e-02 -2.393096e+00 5.531456e-02 1.962270e-02 9.982761e-01 6.438572e+01
9.984088e-01 9.915797e-03 -5.551167e-02 -3.857193e+00 -1.096885e-02 9.997650e-01 -1.869746e-02 -2.442419e+00 5.531322e-02 1.927661e-02 9.982829e-01 6.557899e+01
9.983853e-01 1.046428e-02 -5.583406e-02 -3.925554e+00 -1.130035e-02 9.998284e-01 -1.467957e-02 -2.488376e+00 5.567087e-02 1.528681e-02 9.983321e-01 6.677803e+01
9.983683e-01 9.468162e-03 -5.631298e-02 -3.981904e+00 -1.017903e-02 9.998719e-01 -1.235006e-02 -2.529631e+00 5.618883e-02 1.290312e-02 9.983367e-01 6.797354e+01
9.983745e-01 8.291212e-03 -5.638792e-02 -4.036864e+00 -8.972448e-03 9.998896e-01 -1.183880e-02 -2.569024e+00 5.628353e-02 1.232549e-02 9.983387e-01 6.916868e+01
9.983417e-01 1.042504e-02 -5.661523e-02 -4.099562e+00 -1.087209e-02 9.999120e-01 -7.593888e-03 -2.604193e+00 5.653108e-02 8.196820e-03 9.983671e-01 7.036636e+01
9.983297e-01 1.142732e-02 -5.663382e-02 -4.173959e+00 -1.165790e-02 9.999250e-01 -3.742596e-03 -2.646996e+00 5.658681e-02 4.396576e-03 9.983879e-01 7.156592e+01
9.982830e-01 1.386138e-02 -5.691296e-02 -4.251058e+00 -1.434715e-02 9.998640e-01 -8.135505e-03 -2.694670e+00 5.679244e-02 8.938074e-03 9.983459e-01 7.275276e+01
9.982798e-01 1.274442e-02 -5.722932e-02 -4.323029e+00 -1.383145e-02 9.997306e-01 -1.863855e-02 -2.744968e+00 5.697636e-02 1.939805e-02 9.981870e-01 7.392846e+01
9.982780e-01 1.296168e-02 -5.721025e-02 -4.396788e+00 -1.429501e-02 9.996342e-01 -2.295835e-02 -2.802467e+00 5.689175e-02 2.373663e-02 9.980981e-01 7.510649e+01
9.982961e-01 1.041136e-02 -5.741566e-02 -4.465029e+00 -1.172032e-02 9.996779e-01 -2.250857e-02 -2.863069e+00 5.716282e-02 2.314314e-02 9.980965e-01 7.628381e+01
9.983466e-01 3.244646e-03 -5.739036e-02 -4.525824e+00 -4.717933e-03 9.996623e-01 -2.555449e-02 -2.925207e+00 5.728806e-02 2.578300e-02 9.980247e-01 7.745626e+01
9.983658e-01 3.691504e-03 -5.702748e-02 -4.593996e+00 -5.239377e-03 9.996212e-01 -2.701694e-02 -2.983030e+00 5.690614e-02 2.727158e-02 9.980069e-01 7.862373e+01
9.984042e-01 -2.420659e-03 -5.642121e-02 -4.660434e+00 1.148301e-03 9.997445e-01 -2.257258e-02 -3.039445e+00 5.646143e-02 2.247176e-02 9.981518e-01 7.979891e+01
9.984173e-01 -3.625946e-03 -5.612367e-02 -4.726372e+00 2.776288e-03 9.998804e-01 -1.520962e-02 -3.092053e+00 5.617211e-02 1.502973e-02 9.983079e-01 8.096885e+01
9.984861e-01 -7.615133e-04 -5.500021e-02 -4.800834e+00 2.479803e-04 9.999563e-01 -9.343151e-03 -3.138830e+00 5.500492e-02 9.315366e-03 9.984426e-01 8.213644e+01
9.985195e-01 1.081753e-03 -5.438531e-02 -4.871285e+00 -1.483063e-03 9.999719e-01 -7.339205e-03 -3.178547e+00 5.437584e-02 7.408995e-03 9.984930e-01 8.329433e+01
9.985410e-01 5.346180e-03 -5.373445e-02 -4.944700e+00 -5.602005e-03 9.999737e-01 -4.611426e-03 -3.214267e+00 5.370838e-02 4.905718e-03 9.985446e-01 8.445032e+01