2.337162e-01 9.897291e-03 9.722545e-01 -7.795082e+00 3.743311e-02 9.991152e-01 -1.916912e-02 -2.417762e-01 -9.715840e-01 4.087463e-02 2.331390e-01 8.750163e+00
2.336901e-01 9.934236e-03 9.722604e-01 -7.793436e+00 3.743456e-02 9.991145e-01 -1.920631e-02 -2.436941e-01 -9.715903e-01 4.088445e-02 2.331113e-01 8.748519e+00
2.336537e-01 9.785473e-03 9.722706e-01 -7.790990e+00 3.746471e-02 9.991162e-01 -1.905909e-02 -2.458614e-01 -9.715979e-01 4.087905e-02 2.330805e-01 8.746808e+00
2.335352e-01 9.867926e-03 9.722983e-01 -7.789514e+00 3.741835e-02 9.991166e-01 -1.912758e-02 -2.474295e-01 -9.716281e-01 4.084875e-02 2.329596e-01 8.745234e+00
2.335620e-01 9.840150e-03 9.722921e-01 -7.788334e+00 3.747901e-02 9.991146e-01 -1.911474e-02 -2.486310e-01 -9.716194e-01 4.090501e-02 2.329864e-01 8.743396e+00
2.335179e-01 9.872460e-03 9.723024e-01 -7.786579e+00 3.748072e-02 9.991139e-01 -1.914645e-02 -2.490955e-01 -9.716299e-01 4.091362e-02 2.329410e-01 8.741897e+00
2.335116e-01 9.748751e-03 9.723051e-01 -7.784930e+00 3.754312e-02 9.991137e-01 -1.903401e-02 -2.498791e-01 -9.716290e-01 4.094802e-02 2.329386e-01 8.740517e+00
2.334498e-01 9.853762e-03 9.723189e-01 -7.783308e+00 3.750121e-02 9.991134e-01 -1.912920e-02 -2.516519e-01 -9.716455e-01 4.092883e-02 2.328733e-01 8.738162e+00
2.334148e-01 9.730485e-03 9.723285e-01 -7.781759e+00 3.756117e-02 9.991134e-01 -1.901538e-02 -2.522750e-01 -9.716515e-01 4.096026e-02 2.328424e-01 8.736836e+00
2.333226e-01 9.759334e-03 9.723504e-01 -7.780166e+00 3.760258e-02 9.991111e-01 -1.905095e-02 -2.531388e-01 -9.716721e-01 4.100789e-02 2.327482e-01 8.734843e+00
2.333177e-01 9.773064e-03 9.723514e-01 -7.778886e+00 3.760062e-02 9.991110e-01 -1.906437e-02 -2.542421e-01 -9.716733e-01 4.100906e-02 2.327428e-01 8.733631e+00
2.333454e-01 9.806411e-03 9.723444e-01 -7.777029e+00 3.756691e-02 9.991117e-01 -1.909176e-02 -2.571410e-01 -9.716680e-01 4.098295e-02 2.327697e-01 8.731859e+00
2.332963e-01 9.773426e-03 9.723566e-01 -7.775784e+00 3.759354e-02 9.991113e-01 -1.906212e-02 -2.577456e-01 -9.716788e-01 4.100144e-02 2.327216e-01 8.730871e+00
2.331990e-01 9.755216e-03 9.723801e-01 -7.774105e+00 3.758086e-02 9.991122e-01 -1.903616e-02 -2.601129e-01 -9.717026e-01 4.098208e-02 2.326254e-01 8.728550e+00
2.331558e-01 9.793359e-03 9.723901e-01 -7.773048e+00 3.752264e-02 9.991140e-01 -1.905954e-02 -2.614363e-01 -9.717152e-01 4.093048e-02 2.325817e-01 8.727049e+00
2.330851e-01 9.756724e-03 9.724074e-01 -7.771600e+00 3.753395e-02 9.991143e-01 -1.902154e-02 -2.629991e-01 -9.717318e-01 4.093192e-02 2.325124e-01 8.726560e+00
2.331429e-01 9.732892e-03 9.723938e-01 -7.770532e+00 3.751796e-02 9.991154e-01 -1.899573e-02 -2.636369e-01 -9.717185e-01 4.091094e-02 2.325715e-01 8.725711e+00
2.330793e-01 9.704870e-03 9.724093e-01 -7.769440e+00 3.750324e-02 9.991166e-01 -1.896067e-02 -2.639662e-01 -9.717343e-01 4.088783e-02 2.325095e-01 8.724407e+00
2.329898e-01 9.778038e-03 9.724300e-01 -7.768634e+00 3.750801e-02 9.991150e-01 -1.903311e-02 -2.644940e-01 -9.717556e-01 4.090842e-02 2.324168e-01 8.723581e+00
2.330665e-01 9.696960e-03 9.724124e-01 -7.767855e+00 3.744539e-02 9.991192e-01 -1.893815e-02 -2.639164e-01 -9.717396e-01 4.082620e-02 2.324981e-01 8.723371e+00
2.329936e-01 9.771118e-03 9.724292e-01 -7.767373e+00 3.746268e-02 9.991171e-01 -1.901533e-02 -2.626878e-01 -9.717565e-01 4.086024e-02 2.324218e-01 8.722710e+00
2.328969e-01 9.845742e-03 9.724516e-01 -7.766879e+00 3.749542e-02 9.991143e-01 -1.909565e-02 -2.612522e-01 -9.717784e-01 4.090978e-02 2.323214e-01 8.721761e+00
2.328437e-01 9.716679e-03 9.724656e-01 -7.766332e+00 3.752170e-02 9.991158e-01 -1.896703e-02 -2.601754e-01 -9.717901e-01 4.090490e-02 2.322733e-01 8.720475e+00
2.327739e-01 9.829550e-03 9.724812e-01 -7.766130e+00 3.751261e-02 9.991140e-01 -1.907780e-02 -2.595991e-01 -9.718072e-01 4.092112e-02 2.321989e-01 8.719138e+00
2.327178e-01 9.815362e-03 9.724948e-01 -7.765762e+00 3.752415e-02 9.991138e-01 -1.906355e-02 -2.586022e-01 -9.718202e-01 4.092845e-02 2.321433e-01 8.717584e+00
2.326625e-01 9.869219e-03 9.725074e-01 -7.765154e+00 3.750437e-02 9.991137e-01 -1.911177e-02 -2.580429e-01 -9.718342e-01 4.091987e-02 2.320862e-01 8.716311e+00
2.325466e-01 9.804424e-03 9.725358e-01 -7.764534e+00 3.752746e-02 9.991141e-01 -1.904570e-02 -2.574981e-01 -9.718610e-01 4.092580e-02 2.319727e-01 8.715316e+00
2.326433e-01 9.857644e-03 9.725122e-01 -7.763983e+00 3.752143e-02 9.991132e-01 -1.910312e-02 -2.572062e-01 -9.718381e-01 4.093425e-02 2.320671e-01 8.714586e+00
2.324926e-01 9.851609e-03 9.725483e-01 -7.763616e+00 3.752912e-02 9.991131e-01 -1.909223e-02 -2.564538e-01 -9.718739e-01 4.093768e-02 2.319167e-01 8.713827e+00
2.325082e-01 9.855010e-03 9.725445e-01 -7.763291e+00 3.755657e-02 9.991119e-01 -1.910295e-02 -2.566759e-01 -9.718691e-01 4.096701e-02 2.319316e-01 8.713138e+00
2.323928e-01 9.868068e-03 9.725719e-01 -7.763294e+00 3.750008e-02 9.991141e-01 -1.909790e-02 -2.577684e-01 -9.718989e-01 4.090973e-02 2.318168e-01 8.713489e+00
2.323539e-01 9.855265e-03 9.725814e-01 -7.763326e+00 3.751892e-02 9.991136e-01 -1.908755e-02 -2.583820e-01 -9.719074e-01 4.092526e-02 2.317781e-01 8.712834e+00
2.322784e-01 9.930590e-03 9.725986e-01 -7.763222e+00 3.742671e-02 9.991160e-01 -1.913968e-02 -2.602086e-01 -9.719290e-01 4.084689e-02 2.317014e-01 8.712820e+00
2.322928e-01 9.857087e-03 9.725959e-01 -7.762963e+00 3.744754e-02 9.991166e-01 -1.906977e-02 -2.608122e-01 -9.719248e-01 4.085108e-02 2.317185e-01 8.712553e+00
2.322600e-01 9.942894e-03 9.726029e-01 -7.763016e+00 3.741386e-02 9.991164e-01 -1.914847e-02 -2.630367e-01 -9.719339e-01 4.083624e-02 2.316827e-01 8.712505e+00
2.321430e-01 9.885782e-03 9.726314e-01 -7.763016e+00 3.742755e-02 9.991170e-01 -1.908801e-02 -2.640248e-01 -9.719614e-01 4.083435e-02 2.315680e-01 8.712363e+00
2.321898e-01 9.894098e-03 9.726202e-01 -7.763086e+00 3.742301e-02 9.991170e-01 -1.909749e-02 -2.653472e-01 -9.719504e-01 4.083260e-02 2.316145e-01 8.713488e+00
2.321892e-01 9.899131e-03 9.726202e-01 -7.762777e+00 3.739549e-02 9.991180e-01 -1.909608e-02 -2.669149e-01 -9.719515e-01 4.080551e-02 2.316143e-01 8.713287e+00
2.321369e-01 9.890896e-03 9.726328e-01 -7.762300e+00 3.738531e-02 9.991187e-01 -1.908294e-02 -2.682438e-01 -9.719644e-01 4.079203e-02 2.315626e-01 8.712924e+00
2.320573e-01 9.920878e-03 9.726515e-01 -7.762455e+00 3.735502e-02 9.991194e-01 -1.910309e-02 -2.692439e-01 -9.719846e-01 4.076642e-02 2.314823e-01 8.714167e+00
2.322414e-01 1.001799e-02 9.726066e-01 -7.762182e+00 3.760088e-02 9.991070e-01 -1.926938e-02 -2.697417e-01 -9.719312e-01 4.104600e-02 2.316573e-01 8.716338e+00
2.327854e-01 1.082495e-02 9.724679e-01 -7.759318e+00 3.742231e-02 9.990978e-01 -2.007938e-02 -2.690780e-01 -9.718079e-01 4.106617e-02 2.321702e-01 8.719035e+00
2.330129e-01 1.157764e-02 9.724047e-01 -7.753295e+00 3.731547e-02 9.990862e-01 -2.083706e-02 -2.684805e-01 -9.717575e-01 4.114103e-02 2.323679e-01 8.722145e+00
2.333679e-01 1.203374e-02 9.723140e-01 -7.744025e+00 3.708368e-02 9.990858e-01 -2.126565e-02 -2.693866e-01 -9.716812e-01 4.101969e-02 2.327083e-01 8.726961e+00
2.341310e-01 1.192937e-02 9.721318e-01 -7.731740e+00 3.696954e-02 9.990922e-01 -2.116406e-02 -2.712793e-01 -9.715019e-01 4.089442e-02 2.334775e-01 8.733879e+00
2.347461e-01 1.193860e-02 9.719834e-01 -7.717107e+00 3.675587e-02 9.991004e-01 -2.114868e-02 -2.740607e-01 -9.713616e-01 4.069065e-02 2.340961e-01 8.742340e+00
2.355623e-01 1.207123e-02 9.717843e-01 -7.700361e+00 3.634390e-02 9.991140e-01 -2.122055e-02 -2.762791e-01 -9.711795e-01 4.031719e-02 2.349148e-01 8.751022e+00
2.367935e-01 1.228318e-02 9.714823e-01 -7.681544e+00 3.598030e-02 9.991233e-01 -2.140267e-02 -2.780647e-01 -9.708936e-01 4.002223e-02 2.361439e-01 8.760683e+00
2.384238e-01 1.316730e-02 9.710719e-01 -7.658875e+00 3.571253e-02 9.991129e-01 -2.231590e-02 -2.799270e-01 -9.705044e-01 4.000007e-02 2.377421e-01 8.770779e+00
2.412404e-01 1.558782e-02 9.703402e-01 -7.627090e+00 3.541725e-02 9.990635e-01 -2.485449e-02 -2.824105e-01 -9.698189e-01 4.036268e-02 2.404624e-01 8.786498e+00
2.457000e-01 1.913117e-02 9.691571e-01 -7.580503e+00 3.462240e-02 9.989941e-01 -2.849760e-02 -2.851154e-01 -9.687274e-01 4.055640e-02 2.447905e-01 8.806943e+00
2.520869e-01 2.212099e-02 9.674517e-01 -7.513039e+00 3.391078e-02 9.989227e-01 -3.167665e-02 -2.896364e-01 -9.671103e-01 4.079230e-02 2.510652e-01 8.836058e+00
2.607393e-01 2.381114e-02 9.651156e-01 -7.424021e+00 3.276120e-02 9.989017e-01 -3.349560e-02 -2.951357e-01 -9.648532e-01 4.035195e-02 2.596729e-01 8.873075e+00
2.718308e-01 2.382522e-02 9.620501e-01 -7.310861e+00 3.164615e-02 9.989315e-01 -3.368033e-02 -3.014302e-01 -9.618246e-01 3.960052e-02 2.707864e-01 8.922220e+00
2.859396e-01 2.385707e-02 9.579506e-01 -7.175297e+00 2.974741e-02 9.989872e-01 -3.375840e-02 -3.092874e-01 -9.577858e-01 3.814941e-02 2.849403e-01 8.982757e+00
3.032597e-01 2.403588e-02 9.526048e-01 -7.020116e+00 2.855739e-02 9.990035e-01 -3.429779e-02 -3.170139e-01 -9.524800e-01 3.760503e-02 3.022711e-01 9.054806e+00
3.239933e-01 2.377256e-02 9.457606e-01 -6.840984e+00 2.865075e-02 9.989791e-01 -3.492528e-02 -3.244552e-01 -9.456255e-01 3.841230e-02 3.229815e-01 9.138610e+00
3.474886e-01 2.139745e-02 9.374400e-01 -6.640897e+00 2.961257e-02 9.989905e-01 -3.377911e-02 -3.325367e-01 -9.372165e-01 3.949786e-02 3.465042e-01 9.236569e+00
3.739355e-01 1.840184e-02 9.272721e-01 -6.421125e+00 2.853577e-02 9.991015e-01 -3.133476e-02 -3.434678e-01 -9.270156e-01 3.817759e-02 3.730745e-01 9.355307e+00
4.028476e-01 1.447706e-02 9.151525e-01 -6.183682e+00 2.919888e-02 9.991627e-01 -2.865931e-02 -3.541851e-01 -9.148012e-01 3.826676e-02 4.020876e-01 9.491639e+00
4.340889e-01 1.169855e-02 9.007941e-01 -5.930743e+00 3.015055e-02 9.991668e-01 -2.750555e-02 -3.653588e-01 -9.003654e-01 3.909928e-02 4.333745e-01 9.644152e+00
4.672260e-01 1.007552e-02 8.840805e-01 -5.669734e+00 2.643617e-02 9.993287e-01 -2.536016e-02 -3.802068e-01 -8.837426e-01 3.522063e-02 4.666461e-01 9.825674e+00
5.014280e-01 9.282097e-03 8.651496e-01 -5.399130e+00 2.152318e-02 9.994992e-01 -2.319804e-02 -3.975713e-01 -8.649317e-01 3.025291e-02 5.009770e-01 1.002988e+01
5.370932e-01 9.751654e-03 8.434665e-01 -5.120740e+00 1.616091e-02 9.996307e-01 -2.184789e-02 -4.174511e-01 -8.433681e-01 2.536553e-02 5.367372e-01 1.025779e+01
5.732567e-01 9.847356e-03 8.193166e-01 -4.837331e+00 1.154664e-02 9.997314e-01 -2.009467e-02 -4.385010e-01 -8.192945e-01 2.097975e-02 5.729890e-01 1.050906e+01
6.105544e-01 1.106549e-02 7.918970e-01 -4.550622e+00 7.135841e-03 9.997849e-01 -1.947215e-02 -4.541678e-01 -7.919422e-01 1.753965e-02 6.103442e-01 1.078166e+01
6.480448e-01 1.031230e-02 7.615324e-01 -4.260731e+00 5.554385e-03 9.998177e-01 -1.826568e-02 -4.659758e-01 -7.615820e-01 1.606682e-02 6.478694e-01 1.108070e+01
6.845476e-01 1.143084e-02 7.288785e-01 -3.974910e+00 3.589237e-03 9.998121e-01 -1.905078e-02 -4.788020e-01 -7.289594e-01 1.565728e-02 6.843779e-01 1.140594e+01
7.194361e-01 1.358309e-02 6.944258e-01 -3.693711e+00 2.370578e-03 9.997549e-01 -2.201135e-02 -4.927691e-01 -6.945546e-01 1.748194e-02 7.192276e-01 1.175393e+01
7.533388e-01 1.468151e-02 6.574687e-01 -3.414512e+00 6.014343e-05 9.997492e-01 -2.239368e-02 -5.085419e-01 -6.576326e-01 1.690956e-02 7.531490e-01 1.213562e+01
7.850142e-01 1.213703e-02 6.193589e-01 -3.135391e+00 -1.007250e-03 9.998317e-01 -1.831617e-02 -5.243862e-01 -6.194770e-01 1.375460e-02 7.848943e-01 1.254641e+01
8.142749e-01 8.997387e-03 5.804097e-01 -2.862178e+00 -9.281950e-04 9.998987e-01 -1.419803e-02 -5.380326e-01 -5.804787e-01 1.102236e-02 8.142008e-01 1.299267e+01
8.416931e-01 7.185775e-03 5.399084e-01 -2.599066e+00 -1.716312e-03 9.999420e-01 -1.063283e-02 -5.509808e-01 -5.399535e-01 8.022923e-03 8.416566e-01 1.346790e+01
8.664784e-01 9.353877e-03 4.991269e-01 -2.352855e+00 -2.874894e-03 9.999013e-01 -1.374785e-02 -5.588841e-01 -4.992062e-01 1.047728e-02 8.664199e-01 1.397239e+01
8.888786e-01 1.233421e-02 4.579767e-01 -2.118271e+00 -6.843616e-03 9.998834e-01 -1.364618e-02 -5.719196e-01 -4.580917e-01 8.995576e-03 8.888594e-01 1.451226e+01
9.085937e-01 8.376965e-03 4.175971e-01 -1.884998e+00 -4.467195e-03 9.999365e-01 -1.033908e-02 -5.854659e-01 -4.176573e-01 7.528536e-03 9.085735e-01 1.508331e+01
9.249707e-01 4.905548e-03 3.800068e-01 -1.661773e+00 -2.018913e-03 9.999660e-01 -7.994455e-03 -5.949507e-01 -3.800331e-01 6.627434e-03 9.249491e-01 1.568604e+01
9.388831e-01 2.377674e-03 3.442280e-01 -1.456347e+00 2.448548e-04 9.999713e-01 -7.574910e-03 -6.010921e-01 -3.442361e-01 7.196239e-03 9.388555e-01 1.631856e+01
9.509275e-01 -8.395830e-04 3.094128e-01 -1.260100e+00 3.859885e-03 9.999507e-01 -9.149360e-03 -6.127757e-01 -3.093899e-01 9.894673e-03 9.508838e-01 1.697489e+01
9.614661e-01 -9.361078e-03 2.747642e-01 -1.073956e+00 1.262831e-02 9.998690e-01 -1.012445e-02 -6.240981e-01 -2.746335e-01 1.320412e-02 9.614583e-01 1.766108e+01
9.706205e-01 -1.636509e-02 2.400586e-01 -9.045466e-01 1.955554e-02 9.997492e-01 -1.091407e-02 -6.338585e-01 -2.398198e-01 1.528789e-02 9.706971e-01 1.837374e+01
9.783786e-01 -1.785354e-02 2.060501e-01 -7.660186e-01 2.092174e-02 9.997002e-01 -1.272114e-02 -6.447196e-01 -2.057612e-01 1.675701e-02 9.784588e-01 1.911706e+01
9.846622e-01 -1.831689e-02 1.735078e-01 -6.476116e-01 2.066182e-02 9.997178e-01 -1.171811e-02 -6.598908e-01 -1.732442e-01 1.512336e-02 9.847628e-01 1.988282e+01
9.895835e-01 -1.973855e-02 1.426004e-01 -5.481500e-01 2.190658e-02 9.996668e-01 -1.364942e-02 -6.749805e-01 -1.422835e-01 1.663113e-02 9.896862e-01 2.067541e+01
9.933531e-01 -1.932060e-02 1.134741e-01 -4.693740e-01 2.133996e-02 9.996343e-01 -1.660798e-02 -6.929246e-01 -1.131117e-01 1.891912e-02 9.934021e-01 2.148941e+01
9.960755e-01 -1.728438e-02 8.680309e-02 -4.117778e-01 1.905593e-02 9.996258e-01 -1.962172e-02 -7.110847e-01 -8.643147e-02 2.119882e-02 9.960322e-01 2.232327e+01
9.979047e-01 -1.412625e-02 6.314041e-02 -3.740026e-01 1.549258e-02 9.996551e-01 -2.120258e-02 -7.320349e-01 -6.281913e-02 2.213635e-02 9.977794e-01 2.318476e+01
9.990384e-01 -1.071433e-02 4.251581e-02 -3.531069e-01 1.165422e-02 9.996918e-01 -2.192073e-02 -7.554471e-01 -4.226784e-02 2.239513e-02 9.988553e-01 2.406623e+01
9.996367e-01 -7.317665e-03 2.594109e-02 -3.456498e-01 7.903439e-03 9.997144e-01 -2.255073e-02 -7.831420e-01 -2.576867e-02 2.274756e-02 9.994091e-01 2.497417e+01
9.999079e-01 -3.955509e-03 1.298628e-02 -3.477693e-01 4.261324e-03 9.997122e-01 -2.360638e-02 -8.110963e-01 -1.288917e-02 2.365954e-02 9.996370e-01 2.589974e+01
9.999920e-01 -1.480101e-03 3.712568e-03 -3.561916e-01 1.567618e-03 9.997183e-01 -2.368213e-02 -8.396012e-01 -3.676470e-03 2.368775e-02 9.997127e-01 2.685034e+01
9.999945e-01 9.986745e-04 -3.165611e-03 -3.699857e-01 -1.072113e-03 9.997283e-01 -2.328275e-02 -8.686624e-01 3.141500e-03 2.328601e-02 9.997239e-01 2.782127e+01
9.999650e-01 3.467935e-03 -7.618840e-03 -3.872380e-01 -3.629077e-03 9.997678e-01 -2.123932e-02 -8.972598e-01 7.543415e-03 2.126622e-02 9.997454e-01 2.881849e+01
9.999397e-01 5.150416e-03 -9.703332e-03 -4.057436e-01 -5.347238e-03 9.997782e-01 -2.036825e-02 -9.266744e-01 9.596276e-03 2.041890e-02 9.997455e-01 2.983658e+01
9.999305e-01 6.070221e-03 -1.011033e-02 -4.250198e-01 -6.284404e-03 9.997536e-01 -2.128917e-02 -9.552236e-01 9.978607e-03 2.135122e-02 9.997222e-01 3.087400e+01
9.999207e-01 7.107561e-03 -1.040099e-02 -4.435254e-01 -7.337744e-03 9.997252e-01 -2.226254e-02 -9.834229e-01 1.023990e-02 2.233709e-02 9.996981e-01 3.193512e+01
9.999237e-01 5.653235e-03 -1.098472e-02 -4.593569e-01 -5.883322e-03 9.997616e-01 -2.102778e-02 -1.012283e+00 1.086323e-02 2.109080e-02 9.997186e-01 3.301760e+01
9.999184e-01 4.841705e-03 -1.181909e-02 -4.747214e-01 -5.047527e-03 9.998350e-01 -1.744703e-02 -1.041566e+00 1.173266e-02 1.750526e-02 9.997779e-01 3.412627e+01
9.999081e-01 4.792449e-03 -1.268329e-02 -4.931853e-01 -4.953123e-03 9.999075e-01 -1.266715e-02 -1.069567e+00 1.262141e-02 1.272881e-02 9.998393e-01 3.525202e+01
9.998918e-01 4.592205e-03 -1.397788e-02 -5.126275e-01 -4.722889e-03 9.999453e-01 -9.330704e-03 -1.095653e+00 1.393427e-02 9.395709e-03 9.998588e-01 3.639240e+01
9.998733e-01 4.274534e-03 -1.533099e-02 -5.355460e-01 -4.395839e-03 9.999592e-01 -7.887374e-03 -1.121610e+00 1.529666e-02 7.953767e-03 9.998514e-01 3.753899e+01
9.998492e-01 4.368950e-03 -1.680703e-02 -5.588949e-01 -4.470175e-03 9.999720e-01 -5.989872e-03 -1.147517e+00 1.678040e-02 6.064099e-03 9.998408e-01 3.868620e+01
9.998168e-01 4.212013e-03 -1.867430e-02 -5.843039e-01 -4.300653e-03 9.999796e-01 -4.708950e-03 -1.174080e+00 1.865409e-02 4.788399e-03 9.998145e-01 3.983562e+01
9.997806e-01 3.881639e-03 -2.058451e-02 -6.096948e-01 -3.947754e-03 9.999872e-01 -3.172178e-03 -1.200981e+00 2.057193e-02 3.252745e-03 9.997831e-01 4.098569e+01
9.997406e-01 4.010072e-03 -2.241961e-02 -6.387808e-01 -4.036515e-03 9.999912e-01 -1.134292e-03 -1.227352e+00 2.241486e-02 1.224495e-03 9.997480e-01 4.213484e+01
9.996999e-01 4.529809e-03 -2.407413e-02 -6.691375e-01 -4.545907e-03 9.999895e-01 -6.139303e-04 -1.254196e+00 2.407110e-02 7.231855e-04 9.997100e-01 4.328304e+01
9.996499e-01 5.415572e-03 -2.589841e-02 -7.035249e-01 -5.523426e-03 9.999763e-01 -4.094743e-03 -1.285555e+00 2.587562e-02 4.236358e-03 9.996562e-01 4.442219e+01
9.995975e-01 6.339772e-03 -2.765385e-02 -7.394543e-01 -6.567049e-03 9.999453e-01 -8.135540e-03 -1.316843e+00 2.760076e-02 8.313869e-03 9.995845e-01 4.556433e+01
9.995570e-01 6.124158e-03 -2.912657e-02 -7.757210e-01 -6.357676e-03 9.999483e-01 -7.931470e-03 -1.350382e+00 2.907649e-02 8.113133e-03 9.995443e-01 4.670678e+01
9.994917e-01 8.343771e-03 -3.077022e-02 -8.149361e-01 -8.478773e-03 9.999550e-01 -4.259502e-03 -1.383309e+00 3.073330e-02 4.518230e-03 9.995174e-01 4.785330e+01
9.994828e-01 6.783094e-03 -3.143413e-02 -8.503797e-01 -6.820229e-03 9.999761e-01 -1.074242e-03 -1.414736e+00 3.142609e-02 1.288075e-03 9.995053e-01 4.899701e+01
9.994480e-01 5.877263e-03 -3.269879e-02 -8.845200e-01 -5.963479e-03 9.999790e-01 -2.539713e-03 -1.444282e+00 3.268318e-02 2.733310e-03 9.994620e-01 5.013248e+01
9.994261e-01 8.429932e-03 -3.280901e-02 -9.230893e-01 -8.541723e-03 9.999582e-01 -3.268584e-03 -1.474260e+00 3.278008e-02 3.546954e-03 9.994563e-01 5.126683e+01
9.994320e-01 7.392943e-03 -3.287994e-02 -9.579931e-01 -7.547134e-03 9.999611e-01 -4.567812e-03 -1.502468e+00 3.284489e-02 4.813366e-03 9.994489e-01 5.239662e+01
9.994533e-01 6.641660e-03 -3.238824e-02 -9.936302e-01 -6.854964e-03 9.999555e-01 -6.479218e-03 -1.535368e+00 3.234376e-02 6.697695e-03 9.994544e-01 5.352159e+01
9.994707e-01 5.290414e-03 -3.210026e-02 -1.026726e+00 -5.595224e-03 9.999400e-01 -9.413138e-03 -1.570397e+00 3.204854e-02 9.587762e-03 9.994403e-01 5.464386e+01
9.994730e-01 3.681779e-03 -3.225087e-02 -1.058519e+00 -4.106329e-03 9.999056e-01 -1.310763e-02 -1.607705e+00 3.219957e-02 1.323315e-02 9.993939e-01 5.576123e+01
9.994754e-01 1.985117e-03 -3.232520e-02 -1.089707e+00 -2.422481e-03 9.999060e-01 -1.349657e-02 -1.645788e+00 3.229538e-02 1.356780e-02 9.993863e-01 5.688370e+01
9.994703e-01 6.977065e-04 -3.253716e-02 -1.121249e+00 -9.634470e-04 9.999663e-01 -8.152323e-03 -1.681990e+00 3.253038e-02 8.179352e-03 9.994373e-01 5.800859e+01
9.994675e-01 -5.452218e-04 -3.262430e-02 -1.153354e+00 5.101510e-04 9.999993e-01 -1.083311e-03 -1.713449e+00 3.262487e-02 1.066092e-03 9.994671e-01 5.913220e+01
9.994694e-01 -1.994817e-03 -3.251234e-02 -1.185006e+00 2.103689e-03 9.999923e-01 3.314755e-03 -1.739715e+00 3.250547e-02 -3.381391e-03 9.994658e-01 6.024888e+01
9.994583e-01 -5.041295e-03 -3.252315e-02 -1.213473e+00 5.073099e-03 9.999867e-01 8.954103e-04 -1.765856e+00 3.251821e-02 -1.059917e-03 9.994706e-01 6.135987e+01
9.994195e-01 -1.027169e-02 -3.248475e-02 -1.238850e+00 1.015832e-02 9.999417e-01 -3.653140e-03 -1.790051e+00 3.252039e-02 3.321029e-03 9.994656e-01 6.246393e+01
9.994264e-01 -9.400937e-03 -3.253593e-02 -1.270319e+00 9.137456e-03 9.999243e-01 -8.237488e-03 -1.822128e+00 3.261091e-02 7.935466e-03 9.994366e-01 6.356585e+01
9.994541e-01 -7.924512e-03 -3.207321e-02 -1.304675e+00 7.537162e-03 9.998974e-01 -1.218005e-02 -1.856919e+00 3.216644e-02 1.193166e-02 9.994113e-01 6.466489e+01
9.994695e-01 -6.885132e-03 -3.183291e-02 -1.337326e+00 6.388179e-03 9.998565e-01 -1.568678e-02 -1.894574e+00 3.193635e-02 1.547510e-02 9.993701e-01 6.576270e+01
9.995272e-01 -1.384840e-03 -3.071627e-02 -1.374798e+00 1.028236e-03 9.999319e-01 -1.162238e-02 -1.935202e+00 3.073028e-02 1.158530e-02 9.994606e-01 6.686894e+01
9.995461e-01 2.507463e-03 -3.002170e-02 -1.411676e+00 -2.804853e-03 9.999474e-01 -9.867812e-03 -1.975334e+00 2.999538e-02 9.947538e-03 9.995005e-01 6.796703e+01
9.995440e-01 2.872817e-03 -3.005865e-02 -1.442686e+00 -3.118330e-03 9.999621e-01 -8.124086e-03 -2.008672e+00 3.003418e-02 8.214114e-03 9.995151e-01 6.906158e+01
9.995360e-01 2.329081e-03 -3.037164e-02 -1.472152e+00 -2.512687e-03 9.999788e-01 -6.008532e-03 -2.039409e+00 3.035700e-02 6.082058e-03 9.995206e-01 7.015547e+01
9.995229e-01 6.566707e-04 -3.087898e-02 -1.501593e+00 -8.232008e-04 9.999852e-01 -5.380582e-03 -2.071991e+00 3.087499e-02 5.403434e-03 9.995087e-01 7.124366e+01
9.995042e-01 -8.973385e-04 -3.147172e-02 -1.531721e+00 7.698910e-04 9.999914e-01 -4.061482e-03 -2.102578e+00 3.147510e-02 4.035239e-03 9.994964e-01 7.233085e+01
9.994826e-01 -2.439063e-03 -3.207333e-02 -1.562229e+00 2.364997e-03 9.999944e-01 -2.347030e-03 -2.132560e+00 3.207887e-02 2.269963e-03 9.994828e-01 7.341608e+01
9.994592e-01 -3.414550e-03 -3.270435e-02 -1.593624e+00 3.309945e-03 9.999892e-01 -3.252133e-03 -2.162929e+00 3.271511e-02 3.142125e-03 9.994598e-01 7.449454e+01
9.994420e-01 -4.128080e-03 -3.314625e-02 -1.625772e+00 3.906661e-03 9.999696e-01 -6.742087e-03 -2.193626e+00 3.317308e-02 6.608834e-03 9.994278e-01 7.556828e+01
9.994203e-01 -3.909072e-03 -3.381867e-02 -1.660434e+00 3.581116e-03 9.999460e-01 -9.752666e-03 -2.225262e+00 3.385497e-02 9.625904e-03 9.993804e-01 7.663661e+01
9.994034e-01 -2.439574e-03 -3.445248e-02 -1.698099e+00 2.121785e-03 9.999549e-01 -9.257544e-03 -2.257835e+00 3.447351e-02 9.178920e-03 9.993635e-01 7.770960e+01
9.993863e-01 -7.931820e-04 -3.502025e-02 -1.736262e+00 5.972876e-04 9.999841e-01 -5.603858e-03 -2.289900e+00 3.502414e-02 5.579501e-03 9.993709e-01 7.878068e+01
9.993710e-01 6.115529e-04 -3.545749e-02 -1.775229e+00 -6.544999e-04 9.999990e-01 -1.199627e-03 -2.319234e+00 3.545673e-02 1.222080e-03 9.993705e-01 7.985204e+01
9.993509e-01 2.717302e-03 -3.592107e-02 -1.815737e+00 -2.671525e-03 9.999955e-01 1.322343e-03 -2.346468e+00 3.592450e-02 -1.225520e-03 9.993538e-01 8.091453e+01
9.993381e-01 3.124970e-03 -3.624467e-02 -1.856476e+00 -3.172348e-03 9.999942e-01 -1.249708e-03 -2.370869e+00 3.624055e-02 1.363862e-03 9.993422e-01 8.197255e+01
9.993202e-01 2.300476e-03 -3.679542e-02 -1.895797e+00 -2.412922e-03 9.999925e-01 -3.011856e-03 -2.393122e+00 3.678822e-02 3.098593e-03 9.993183e-01 8.303226e+01
9.993011e-01 2.445733e-03 -3.730064e-02 -1.936720e+00 -2.579075e-03 9.999904e-01 -3.527079e-03 -2.417674e+00 3.729166e-02 3.620816e-03 9.992979e-01 8.408849e+01
9.992879e-01 1.479581e-03 -3.770291e-02 -1.977116e+00 -1.647660e-03 9.999888e-01 -4.427287e-03 -2.443876e+00 3.769594e-02 4.486256e-03 9.992792e-01 8.513908e+01
9.992717e-01 3.278694e-04 -3.815829e-02 -2.017852e+00 -5.301758e-04 9.999858e-01 -5.291770e-03 -2.466419e+00 3.815602e-02 5.308146e-03 9.992577e-01 8.618538e+01
9.992510e-01 4.084332e-04 -3.869446e-02 -2.060208e+00 -5.396593e-04 9.999941e-01 -3.380956e-03 -2.490081e+00 3.869286e-02 3.399305e-03 9.992454e-01 8.723802e+01
9.992405e-01 7.427970e-04 -3.895996e-02 -2.103774e+00 -8.103463e-04 9.999982e-01 -1.718049e-03 -2.513205e+00 3.895861e-02 1.748316e-03 9.992393e-01 8.828643e+01
9.992593e-01 1.045037e-03 -3.846849e-02 -2.146481e+00 -1.107403e-03 9.999981e-01 -1.599954e-03 -2.536284e+00 3.846675e-02 1.641370e-03 9.992585e-01 8.932926e+01
9.993059e-01 1.340448e-03 -3.722893e-02 -2.187833e+00 -1.437955e-03 9.999956e-01 -2.592459e-03 -2.559082e+00 3.722530e-02 2.644194e-03 9.993034e-01 9.036824e+01
9.993568e-01 4.868562e-04 -3.585688e-02 -2.226841e+00 -6.263733e-04 9.999923e-01 -3.879812e-03 -2.581569e+00 3.585472e-02 3.899776e-03 9.993494e-01 9.140553e+01
9.993912e-01 -3.502784e-04 -3.488606e-02 -2.263400e+00 2.203153e-04 9.999930e-01 -3.729137e-03 -2.605028e+00 3.488713e-02 3.719181e-03 9.993843e-01 9.244253e+01
9.994254e-01 -3.743276e-04 -3.389237e-02 -2.300411e+00 2.818218e-04 9.999962e-01 -2.734139e-03 -2.629120e+00 3.389327e-02 2.723017e-03 9.994218e-01 9.347693e+01
9.994621e-01 -1.616946e-04 -3.279332e-02 -2.336050e+00 1.146829e-04 9.999989e-01 -1.435453e-03 -2.652197e+00 3.279353e-02 1.430921e-03 9.994611e-01 9.450818e+01
9.995068e-01 9.355243e-04 -3.138874e-02 -2.372203e+00 -9.555120e-04 9.999993e-01 -6.217816e-04 -2.672743e+00 3.138814e-02 6.514680e-04 9.995071e-01 9.553822e+01
9.995593e-01 2.283846e-03 -2.959581e-02 -2.406668e+00 -2.271120e-03 9.999973e-01 4.636169e-04 -2.695230e+00 2.959679e-02 -3.961961e-04 9.995618e-01 9.656505e+01
9.996058e-01 2.954897e-03 -2.792168e-02 -2.437822e+00 -3.016627e-03 9.999931e-01 -2.168958e-03 -2.720792e+00 2.791508e-02 2.252333e-03 9.996078e-01 9.759023e+01
9.996489e-01 3.360165e-03 -2.628199e-02 -2.465941e+00 -3.577676e-03 9.999597e-01 -8.233357e-03 -2.746454e+00 2.625327e-02 8.324494e-03 9.996207e-01 9.860554e+01
9.996883e-01 2.600246e-03 -2.482866e-02 -2.491997e+00 -2.954212e-03 9.998944e-01 -1.423033e-02 -2.772152e+00 2.478904e-02 1.429924e-02 9.995904e-01 9.961807e+01
9.997311e-01 2.420345e-03 -2.306381e-02 -2.516259e+00 -2.779228e-03 9.998753e-01 -1.554106e-02 -2.802258e+00 2.302332e-02 1.560098e-02 9.996132e-01 1.006323e+02
9.997853e-01 4.124556e-03 -2.030698e-02 -2.540211e+00 -4.366615e-03 9.999198e-01 -1.189006e-02 -2.838082e+00 2.025631e-02 1.197618e-02 9.997231e-01 1.016515e+02
9.998521e-01 5.093142e-03 -1.642513e-02 -2.559424e+00 -5.180910e-03 9.999725e-01 -5.305300e-03 -2.870099e+00 1.639766e-02 5.389612e-03 9.998510e-01 1.026720e+02
9.999065e-01 5.185198e-03 -1.265185e-02 -2.573631e+00 -5.175995e-03 9.999863e-01 7.601347e-04 -2.899440e+00 1.265562e-02 -6.945769e-04 9.999197e-01 1.036884e+02
9.999482e-01 3.477027e-03 -9.565992e-03 -2.582148e+00 -3.463847e-03 9.999930e-01 1.394128e-03 -2.925752e+00 9.570774e-03 -1.360920e-03 9.999533e-01 1.046967e+02
9.999719e-01 7.754970e-04 -7.453091e-03 -2.587543e+00 -8.223710e-04 9.999799e-01 -6.288169e-03 -2.951613e+00 7.448066e-03 6.294121e-03 9.999525e-01 1.056908e+02
9.999787e-01 -1.909172e-03 -6.238637e-03 -2.591377e+00 1.801076e-03 9.998489e-01 -1.728687e-02 -2.985411e+00 6.270699e-03 1.727526e-02 9.998311e-01 1.066807e+02
9.999801e-01 -3.055848e-03 -5.528003e-03 -2.595436e+00 2.919293e-03 9.996945e-01 -2.454408e-02 -3.023919e+00 5.601317e-03 2.452745e-02 9.996835e-01 1.076743e+02
9.999853e-01 -1.921614e-03 -5.068001e-03 -2.603074e+00 1.787222e-03 9.996501e-01 -2.639035e-02 -3.068168e+00 5.116941e-03 2.638090e-02 9.996389e-01 1.086731e+02
9.999863e-01 1.442877e-03 -5.040721e-03 -2.613518e+00 -1.565849e-03 9.996991e-01 -2.447745e-02 -3.112783e+00 5.003887e-03 2.448500e-02 9.996877e-01 1.096792e+02
9.999869e-01 2.078613e-03 -4.687571e-03 -2.621977e+00 -2.179742e-03 9.997627e-01 -2.167283e-02 -3.154950e+00 4.641410e-03 2.168276e-02 9.997541e-01 1.106919e+02
9.999713e-01 5.601517e-03 -5.107705e-03 -2.632184e+00 -5.682957e-03 9.998547e-01 -1.607176e-02 -3.191876e+00 5.016937e-03 1.610032e-02 9.998578e-01 1.117158e+02
9.999547e-01 8.002609e-03 -5.148389e-03 -2.643630e+00 -8.047817e-03 9.999287e-01 -8.820741e-03 -3.225087e+00 5.077433e-03 8.861774e-03 9.999479e-01 1.127480e+02
9.999628e-01 5.290399e-03 -6.811146e-03 -2.648827e+00 -5.317345e-03 9.999781e-01 -3.943878e-03 -3.251978e+00 6.790133e-03 3.979948e-03 9.999690e-01 1.137867e+02
9.999479e-01 5.612422e-03 -8.526135e-03 -2.658982e+00 -5.613966e-03 9.999842e-01 -1.570009e-04 -3.272939e+00 8.525120e-03 2.048588e-04 9.999636e-01 1.148366e+02
9.999366e-01 5.029364e-03 -1.007948e-02 -2.670822e+00 -4.965922e-03 9.999677e-01 6.309430e-03 -3.289386e+00 1.011089e-02 -6.258974e-03 9.999293e-01 1.158956e+02
9.999248e-01 3.648261e-03 -1.171077e-02 -2.681214e+00 -3.547540e-03 9.999566e-01 8.610033e-03 -3.305847e+00 1.174168e-02 -8.567838e-03 9.998944e-01 1.169672e+02
9.999105e-01 1.770879e-03 -1.326324e-02 -2.693727e+00 -1.690992e-03 9.999804e-01 6.031978e-03 -3.316682e+00 1.327367e-02 -6.009008e-03 9.998939e-01 1.180391e+02
9.998978e-01 -2.003294e-03 -1.415879e-02 -2.704277e+00 2.033673e-03 9.999956e-01 2.131522e-03 -3.331533e+00 1.415446e-02 -2.160097e-03 9.998975e-01 1.191204e+02
9.998832e-01 -1.932089e-03 -1.516392e-02 -2.721440e+00 1.839994e-03 9.999798e-01 -6.084918e-03 -3.353173e+00 1.517537e-02 6.056305e-03 9.998665e-01 1.202045e+02
9.998728e-01 -4.129843e-03 -1.540843e-02 -2.737358e+00 3.875803e-03 9.998566e-01 -1.648078e-02 -3.381869e+00 1.547428e-02 1.641896e-02 9.997455e-01 1.212928e+02
9.998496e-01 -6.547146e-03 -1.605875e-02 -2.753130e+00 6.145901e-03 9.996708e-01 -2.490952e-02 -3.418047e+00 1.621656e-02 2.480708e-02 9.995607e-01 1.223904e+02
9.998464e-01 -5.772054e-03 -1.654965e-02 -2.774777e+00 5.411916e-03 9.997493e-01 -2.172396e-02 -3.458707e+00 1.667089e-02 2.163106e-02 9.996270e-01 1.235067e+02
9.998400e-01 -4.927363e-03 -1.719456e-02 -2.796853e+00 4.645657e-03 9.998549e-01 -1.638519e-02 -3.498461e+00 1.727281e-02 1.630269e-02 9.997179e-01 1.246336e+02
9.998158e-01 -6.136035e-03 -1.818830e-02 -2.818486e+00 5.925793e-03 9.999152e-01 -1.159069e-02 -3.533192e+00 1.825788e-02 1.148077e-02 9.997674e-01 1.257673e+02
9.998016e-01 -5.444960e-03 -1.915822e-02 -2.842109e+00 5.249020e-03 9.999335e-01 -1.026299e-02 -3.568332e+00 1.921283e-02 1.016040e-02 9.997638e-01 1.269024e+02
9.997842e-01 -4.183162e-03 -2.034873e-02 -2.868633e+00 3.928600e-03 9.999137e-01 -1.253399e-02 -3.606098e+00 2.039940e-02 1.245134e-02 9.997144e-01 1.280456e+02
9.997463e-01 -4.531689e-03 -2.206534e-02 -2.894674e+00 4.189683e-03 9.998707e-01 -1.552135e-02 -3.642637e+00 2.213282e-02 1.542496e-02 9.996360e-01 1.291941e+02
9.997124e-01 -3.586939e-03 -2.371110e-02 -2.924595e+00 3.298082e-03 9.999200e-01 -1.221030e-02 -3.680213e+00 2.375301e-02 1.212859e-02 9.996443e-01 1.303510e+02
9.996735e-01 -3.244676e-03 -2.534372e-02 -2.955332e+00 3.066232e-03 9.999702e-01 -7.076694e-03 -3.716558e+00 2.536593e-02 6.996674e-03 9.996538e-01 1.315075e+02
9.996233e-01 -3.229876e-03 -2.725496e-02 -2.989266e+00 3.080205e-03 9.999799e-01 -5.531760e-03 -3.751573e+00 2.727229e-02 5.445725e-03 9.996132e-01 1.326632e+02
9.995770e-01 -3.613452e-03 -2.885948e-02 -3.024507e+00 3.477178e-03 9.999825e-01 -4.770822e-03 -3.787047e+00 2.887622e-02 4.668454e-03 9.995721e-01 1.338196e+02
9.995287e-01 -3.185642e-03 -3.053428e-02 -3.061487e+00 3.033118e-03 9.999827e-01 -5.040231e-03 -3.822251e+00 3.054981e-02 4.945241e-03 9.995210e-01 1.349693e+02
9.994747e-01 -4.052960e-03 -3.215572e-02 -3.098988e+00 3.872369e-03 9.999764e-01 -5.676468e-03 -3.858432e+00 3.217797e-02 5.548967e-03 9.994668e-01 1.361179e+02
9.994221e-01 -3.581326e-03 -3.380340e-02 -3.138966e+00 3.414520e-03 9.999817e-01 -4.991036e-03 -3.892406e+00 3.382066e-02 4.872729e-03 9.994160e-01 1.372625e+02
9.994002e-01 -2.274567e-03 -3.455616e-02 -3.181202e+00 2.189178e-03 9.999944e-01 -2.508661e-03 -3.926711e+00 3.456168e-02 2.431507e-03 9.993996e-01 1.384126e+02
9.993887e-01 -2.071757e-03 -3.489882e-02 -3.223176e+00 1.989178e-03 9.999951e-01 -2.400791e-03 -3.959275e+00 3.490363e-02 2.329904e-03 9.993880e-01 1.395546e+02
9.993894e-01 -1.970590e-03 -3.488559e-02 -3.265946e+00 1.815561e-03 9.999883e-01 -4.475061e-03 -3.992143e+00 3.489400e-02 4.408991e-03 9.993813e-01 1.406935e+02
9.993867e-01 -1.748509e-03 -3.497518e-02 -3.308422e+00 1.507282e-03 9.999749e-01 -6.922295e-03 -4.025489e+00 3.498641e-02 6.865332e-03 9.993642e-01 1.418271e+02
9.993706e-01 -3.082724e-03 -3.533991e-02 -3.349036e+00 2.877648e-03 9.999787e-01 -5.852369e-03 -4.057588e+00 3.535720e-02 5.746990e-03 9.993582e-01 1.429599e+02
9.993240e-01 -3.789496e-03 -3.656809e-02 -3.389718e+00 3.735068e-03 9.999918e-01 -1.556628e-03 -4.089633e+00 3.657369e-02 1.418992e-03 9.993300e-01 1.440955e+02
9.992506e-01 -5.344983e-03 -3.833624e-02 -3.431331e+00 5.469699e-03 9.999801e-01 3.149044e-03 -4.117886e+00 3.831864e-02 -3.356370e-03 9.992599e-01 1.452273e+02
9.991880e-01 -5.412867e-03 -3.992643e-02 -3.477541e+00 5.553684e-03 9.999787e-01 3.416805e-03 -4.142642e+00 3.990709e-02 -3.635768e-03 9.991968e-01 1.463510e+02
9.991429e-01 -5.201852e-03 -4.106705e-02 -3.526115e+00 5.278838e-03 9.999845e-01 1.766402e-03 -4.167273e+00 4.105723e-02 -1.981673e-03 9.991548e-01 1.474675e+02
9.991011e-01 -3.936001e-03 -4.220884e-02 -3.577485e+00 3.882443e-03 9.999915e-01 -1.350788e-03 -4.193843e+00 4.221380e-02 1.185701e-03 9.991079e-01 1.485769e+02
9.991022e-01 -3.643856e-03 -4.220810e-02 -3.624478e+00 3.461432e-03 9.999843e-01 -4.394326e-03 -4.226003e+00 4.222346e-02 4.244280e-03 9.990992e-01 1.496798e+02
9.991452e-01 -2.647962e-03 -4.125413e-02 -3.671472e+00 2.487627e-03 9.999891e-01 -3.937385e-03 -4.261989e+00 4.126411e-02 3.831394e-03 9.991409e-01 1.507753e+02
9.992024e-01 -3.236514e-03 -3.980089e-02 -3.714791e+00 3.155804e-03 9.999928e-01 -2.090513e-03 -4.296808e+00 3.980737e-02 1.963242e-03 9.992055e-01 1.518613e+02
9.992542e-01 -3.878437e-03 -3.841814e-02 -3.754718e+00 3.844738e-03 9.999921e-01 -9.510289e-04 -4.333155e+00 3.842153e-02 8.026127e-04 9.992613e-01 1.529390e+02
9.993086e-01 -3.757345e-03 -3.699068e-02 -3.794318e+00 3.712718e-03 9.999923e-01 -1.275086e-03 -4.368932e+00 3.699519e-02 1.136869e-03 9.993148e-01 1.540039e+02
9.993660e-01 -3.704258e-03 -3.540963e-02 -3.831714e+00 3.642315e-03 9.999917e-01 -1.813706e-03 -4.406174e+00 3.541605e-02 1.683584e-03 9.993712e-01 1.550663e+02
9.994209e-01 -3.092233e-03 -3.388737e-02 -3.868959e+00 3.049861e-03 9.999945e-01 -1.301997e-03 -4.438864e+00 3.389122e-02 1.197892e-03 9.994248e-01 1.561225e+02
9.994764e-01 -2.238680e-03 -3.227976e-02 -3.904131e+00 2.222728e-03 9.999974e-01 -5.300639e-04 -4.473277e+00 3.228087e-02 4.580379e-04 9.994787e-01 1.571722e+02
9.995228e-01 -1.441184e-03 -3.085496e-02 -3.938124e+00 1.429193e-03 9.999989e-01 -4.106866e-04 -4.504975e+00 3.085552e-02 3.663937e-04 9.995238e-01 1.582148e+02
9.995628e-01 1.956640e-04 -2.956767e-02 -3.969460e+00 -2.767401e-04 9.999962e-01 -2.737984e-03 -4.537441e+00 2.956703e-02 2.744969e-03 9.995590e-01 1.592473e+02
9.996093e-01 -8.285543e-04 -2.793896e-02 -3.996788e+00 7.088910e-04 9.999905e-01 -4.292666e-03 -4.569107e+00 2.794226e-02 4.271183e-03 9.996004e-01 1.602765e+02
9.996551e-01 4.371355e-04 -2.625929e-02 -4.024156e+00 -5.801337e-04 9.999850e-01 -5.438250e-03 -4.602946e+00 2.625652e-02 5.451608e-03 9.996404e-01 1.613026e+02
9.996968e-01 3.787441e-03 -2.433086e-02 -4.053863e+00 -3.989166e-03 9.999580e-01 -8.247707e-03 -4.638812e+00 2.429860e-02 8.342265e-03 9.996699e-01 1.623204e+02
9.997419e-01 -9.328112e-04 -2.269807e-02 -4.071651e+00 6.806797e-04 9.999380e-01 -1.111326e-02 -4.668349e+00 2.270703e-02 1.109494e-02 9.996806e-01 1.633340e+02
9.997774e-01 -3.013850e-03 -2.088467e-02 -4.088980e+00 2.801455e-03 9.999441e-01 -1.019173e-02 -4.702620e+00 2.091422e-02 1.013096e-02 9.997300e-01 1.643467e+02
9.998048e-01 -4.906538e-03 -1.913686e-02 -4.105311e+00 4.760516e-03 9.999592e-01 -7.668545e-03 -4.733185e+00 1.917371e-02 7.575947e-03 9.997875e-01 1.653600e+02
9.998226e-01 -3.946682e-03 -1.841701e-02 -4.122556e+00 3.830973e-03 9.999727e-01 -6.313831e-03 -4.761485e+00 1.844143e-02 6.242156e-03 9.998105e-01 1.663689e+02
9.998486e-01 -1.137471e-04 -1.739812e-02 -4.143234e+00 -7.056470e-05 9.999439e-01 -1.059280e-02 -4.790723e+00 1.739835e-02 1.059242e-02 9.997925e-01 1.673719e+02
9.998506e-01 5.152716e-03 -1.649747e-02 -4.167454e+00 -5.458574e-03 9.998130e-01 -1.854860e-02 -4.821002e+00 1.639881e-02 1.863587e-02 9.996919e-01 1.683701e+02
9.997976e-01 1.147115e-02 -1.652964e-02 -4.194278e+00 -1.183019e-02 9.996926e-01 -2.178919e-02 -4.852698e+00 1.627462e-02 2.198033e-02 9.996259e-01 1.693809e+02
9.997425e-01 1.445842e-02 -1.748986e-02 -4.218861e+00 -1.479404e-02 9.997059e-01 -1.921436e-02 -4.886548e+00 1.720691e-02 1.946816e-02 9.996624e-01 1.703973e+02
9.996748e-01 1.607323e-02 -1.979786e-02 -4.242992e+00 -1.642733e-02 9.997056e-01 -1.785516e-02 -4.921437e+00 1.950505e-02 1.817458e-02 9.996446e-01 1.714177e+02
9.996458e-01 1.452707e-02 -2.229735e-02 -4.264263e+00 -1.492019e-02 9.997343e-01 -1.756695e-02 -4.946285e+00 2.203624e-02 1.789341e-02 9.995970e-01 1.724404e+02
9.996782e-01 7.843050e-03 -2.412660e-02 -4.279245e+00 -8.207177e-03 9.998533e-01 -1.503045e-02 -4.974309e+00 2.400518e-02 1.522363e-02 9.995959e-01 1.734701e+02
9.996643e-01 2.966542e-03 -2.573739e-02 -4.294270e+00 -3.275926e-03 9.999228e-01 -1.198695e-02 -4.999888e+00 2.569985e-02 1.206724e-02 9.995969e-01 1.745052e+02
9.996173e-01 2.444408e-03 -2.755437e-02 -4.319751e+00 -2.591563e-03 9.999825e-01 -5.306068e-03 -5.021846e+00 2.754092e-02 5.375446e-03 9.996062e-01 1.755473e+02
9.995613e-01 -1.164360e-03 -2.959547e-02 -4.342706e+00 1.288829e-03 9.999904e-01 4.186940e-03 -5.037103e+00 2.959032e-02 -4.223245e-03 9.995532e-01 1.766016e+02
9.994898e-01 -5.911920e-03 -3.138734e-02 -4.366190e+00 6.205875e-03 9.999377e-01 9.276205e-03 -5.046741e+00 3.133055e-02 -9.466256e-03 9.994643e-01 1.776560e+02
9.994204e-01 -9.595183e-03 -3.266124e-02 -4.393173e+00 9.855145e-03 9.999209e-01 7.807615e-03 -5.055111e+00 3.258374e-02 -8.124969e-03 9.994360e-01 1.787056e+02
9.993654e-01 -8.375575e-03 -3.462100e-02 -4.428389e+00 8.410396e-03 9.999642e-01 8.602230e-04 -5.066353e+00 3.461256e-02 -1.150852e-03 9.994002e-01 1.797615e+02
9.993074e-01 -9.583336e-03 -3.595654e-02 -4.461887e+00 9.375178e-03 9.999383e-01 -5.953382e-03 -5.080405e+00 3.601138e-02 5.612160e-03 9.993356e-01 1.808223e+02
9.993230e-01 -7.635276e-03 -3.598962e-02 -4.501446e+00 7.298892e-03 9.999285e-01 -9.468883e-03 -5.102497e+00 3.605934e-02 9.199787e-03 9.993073e-01 1.818929e+02
9.993761e-01 -6.988167e-03 -3.462092e-02 -4.538249e+00 6.574767e-03 9.999059e-01 -1.204028e-02 -5.128816e+00 3.470181e-02 1.180514e-02 9.993280e-01 1.829724e+02
9.994287e-01 -2.912131e-03 -3.367206e-02 -4.577398e+00 2.478357e-03 9.999135e-01 -1.291689e-02 -5.161098e+00 3.370676e-02 1.282606e-02 9.993495e-01 1.840596e+02
9.994517e-01 -6.020910e-03 -3.255937e-02 -4.607667e+00 5.594600e-03 9.998976e-01 -1.316863e-02 -5.193870e+00 3.263533e-02 1.297925e-02 9.993831e-01 1.851560e+02
9.994253e-01 -7.767366e-03 -3.299755e-02 -4.635545e+00 7.268084e-03 9.998577e-01 -1.522402e-02 -5.228298e+00 3.311111e-02 1.497544e-02 9.993395e-01 1.862574e+02
9.994460e-01 -7.052202e-03 -3.252628e-02 -4.669631e+00 6.560814e-03 9.998631e-01 -1.518954e-02 -5.264110e+00 3.262895e-02 1.496772e-02 9.993555e-01 1.873649e+02
9.994490e-01 -7.654867e-03 -3.229613e-02 -4.701222e+00 7.176371e-03 9.998631e-01 -1.490596e-02 -5.299376e+00 3.240581e-02 1.466597e-02 9.993672e-01 1.884778e+02
9.995034e-01 -3.380476e-03 -3.132847e-02 -4.740433e+00 2.960858e-03 9.999054e-01 -1.343088e-02 -5.337478e+00 3.137091e-02 1.333145e-02 9.994189e-01 1.896005e+02
9.995340e-01 -2.488106e-03 -3.042330e-02 -4.775134e+00 2.115099e-03 9.999223e-01 -1.228665e-02 -5.370083e+00 3.045151e-02 1.221658e-02 9.994616e-01 1.907235e+02
9.995470e-01 -3.059655e-03 -2.994032e-02 -4.806531e+00 2.773121e-03 9.999500e-01 -9.607018e-03 -5.400336e+00 2.996822e-02 9.519637e-03 9.995055e-01 1.918495e+02
9.995637e-01 -5.532011e-03 -2.901572e-02 -4.834232e+00 5.263344e-03 9.999426e-01 -9.327633e-03 -5.432643e+00 2.906566e-02 9.170843e-03 9.995354e-01 1.929745e+02
9.995634e-01 -7.575366e-03 -2.855851e-02 -4.861001e+00 7.182189e-03 9.998783e-01 -1.384501e-02 -5.465950e+00 2.865992e-02 1.363385e-02 9.994962e-01 1.940911e+02
9.995707e-01 -8.630863e-03 -2.799772e-02 -4.887285e+00 8.102511e-03 9.997880e-01 -1.893020e-02 -5.503274e+00 2.815517e-02 1.869522e-02 9.994287e-01 1.952074e+02
